mm
vol_res_cm=0.010000,coil_res_cm=0.005000,margin_cm=1.000000,box=auto

Section-1,19.87500000,0.00000000,0.00000000,1.00000000
Section-1,19.72759247,2.49722196,0.00000000,1.00000000
Section-1,19.26750640,4.95740021,0.00000000,1.00000000
Section-1,18.50171566,7.34152137,0.00000000,1.00000000
Section-1,17.44204449,9.61173771,0.00000000,1.00000000
Section-1,16.10498508,11.73196802,0.00000000,1.00000000
Section-1,14.51144094,13.66847105,0.00000000,1.00000000
Section-1,12.68640018,15.39038243,0.00000000,1.00000000
Section-1,10.65854371,16.87020656,0.00000000,1.00000000
Section-1,8.45979452,18.08425568,0.00000000,1.00000000
Section-1,6.12481515,19.01302897,0.00000000,1.00000000
Section-1,3.69046130,19.64152569,0.00000000,1.00000000
Section-1,1.19520006,19.95948744,0.00000000,1.00000000
Section-1,-1.32149792,19.96156536,0.00000000,1.00000000
Section-1,-3.81978278,19.64740989,0.00000000,1.00000000
Section-1,-6.26005645,19.02168125,0.00000000,1.00000000
Section-1,-8.60360030,18.09398063,0.00000000,1.00000000
Section-1,-10.81318942,16.87870308,0.00000000,1.00000000
Section-1,-12.85368393,15.39481416,0.00000000,1.00000000
Section-1,-14.69258782,13.66555408,0.00000000,1.00000000
Section-1,-16.30056642,11.71807372,0.00000000,1.00000000
Section-1,-17.65191435,9.58300842,0.00000000,1.00000000
Section-1,-18.72496638,7.29399603,0.00000000,1.00000000
Section-1,-19.50244479,4.88714702,0.00000000,1.00000000
Section-1,-19.97173741,2.40047475,0.00000000,1.00000000
Section-1,-20.12510215,-0.12670483,0.00000000,1.00000000
Section-1,-19.95979448,-2.65439483,0.00000000,1.00000000
Section-1,-19.47811593,-5.14255046,0.00000000,1.00000000
Section-1,-18.68738263,-7.55171335,0.00000000,1.00000000
Section-1,-17.59981438,-9.84363740,0.00000000,1.00000000
Section-1,-16.23234594,-11.98189589,0.00000000,1.00000000
Section-1,-14.60636339,-13.93246043,0.00000000,1.00000000
Section-1,-12.74736974,-15.66424245,0.00000000,1.00000000
Section-1,-10.68458496,-17.14958873,0.00000000,1.00000000
Section-1,-8.45048670,-18.36472291,0.00000000,1.00000000
Section-1,-6.08029898,-19.29012601,0.00000000,1.00000000
Section-1,-3.61143682,-19.91084997,0.00000000,1.00000000
Section-1,-1.08291566,-20.21675894,0.00000000,1.00000000
Section-1,1.46526525,-20.20269469,0.00000000,1.00000000
Section-1,3.99275557,-19.86856324,0.00000000,1.00000000
Section-1,6.45949281,-19.21934138,0.00000000,1.00000000
Section-1,8.82633740,-18.26500282,0.00000000,1.00000000
Section-1,11.05569363,-17.02036510,0.00000000,1.00000000
Section-1,13.11210691,-15.50485964,0.00000000,1.00000000
Section-1,14.96282757,-13.74222846,0.00000000,1.00000000
Section-1,16.57833237,-11.76015220,0.00000000,1.00000000
Section-1,17.93279552,-9.58981554,0.00000000,1.00000000
Section-1,19.00450142,-7.26541649,0.00000000,1.00000000
Section-1,19.77619282,-4.82362762,0.00000000,1.00000000
Section-1,20.23534857,-2.30301746,0.00000000,1.00000000
Section-1,20.37438675,0.25655874,0.00000000,1.00000000
Section-1,20.19078955,2.81458915,0.00000000,1.00000000
Section-1,19.68714825,5.33054654,0.00000000,1.00000000
Section-1,18.87112712,7.76453042,0.00000000,1.00000000
Section-1,17.75534699,10.07789979,0.00000000,1.00000000
Section-1,16.35719020,12.23388655,0.00000000,1.00000000
Section-1,14.69852983,14.19817993,0.00000000,1.00000000
Section-1,12.80538758,15.93947249,0.00000000,1.00000000
Section-1,10.70752560,17.42995905,0.00000000,1.00000000
Section-1,8.43797856,18.64578071,0.00000000,1.00000000
Section-1,6.03253354,19.56740668,0.00000000,1.00000000
Section-1,3.52916567,20.17994796,0.00000000,1.00000000
Section-1,0.96743868,20.47339782,0.00000000,1.00000000
Section-1,-1.61212042,20.44279508,0.00000000,1.00000000
Section-1,-4.16866245,20.08830764,0.00000000,1.00000000
Section-1,-6.66166297,19.41523487,0.00000000,1.00000000
Section-1,-9.05156461,18.43392866,0.00000000,1.00000000
Section-1,-11.30040477,17.15963431,0.00000000,1.00000000
Section-1,-13.37241860,15.61225382,0.00000000,1.00000000
Section-1,-15.23460781,13.81603507,0.00000000,1.00000000
Section-1,-16.85726615,11.79919193,0.00000000,1.00000000
Section-1,-18.21445332,9.59346110,0.00000000,1.00000000
Section-1,-19.28440953,7.23360275,0.00000000,1.00000000
Section-1,-20.04990441,4.75685269,0.00000000,1.00000000
Section-1,-20.49851435,2.20233493,0.00000000,1.00000000
Section-1,-20.62282406,-0.38955642,0.00000000,1.00000000
Section-1,-20.42054885,-2.97779587,0.00000000,1.00000000
Section-1,-19.89457589,-5.52137589,0.00000000,1.00000000
Section-1,-19.05292345,-7.97995666,0.00000000,1.00000000
Section-1,-17.90861886,-10.31450582,0.00000000,1.00000000
Section-1,-16.47949697,-12.48791815,0.00000000,1.00000000
Section-1,-14.78792227,-14.46560529,0.00000000,1.00000000
Section-1,-12.86043891,-16.21604620,0.00000000,1.00000000
Section-1,-10.72735426,-17.71128953,0.00000000,1.00000000
Section-1,-8.42226234,-18.92739989,0.00000000,1.00000000
Section-1,-5.98151480,-19.84484101,0.00000000,1.00000000
Section-1,-3.44364761,-20.44878946,0.00000000,1.00000000
Section-1,-0.84877269,-20.72937409,0.00000000,1.00000000
Section-1,1.76205610,-20.68183721,0.00000000,1.00000000
Section-1,4.34749248,-20.30661490,0.00000000,1.00000000
Section-1,6.86655252,-19.60933514,0.00000000,1.00000000
Section-1,9.27926432,-18.60073361,0.00000000,1.00000000
Section-1,11.54730226,-17.29648860,0.00000000,1.00000000
Section-1,13.63459579,-15.71697731,0.00000000,1.00000000
Section-1,15.50790310,-13.88695759,0.00000000,1.00000000
Section-1,17.13734048,-11.83517991,0.00000000,1.00000000
Section-1,18.49685903,-9.59393567,0.00000000,1.00000000
Section-1,19.56466103,-7.19854904,0.00000000,1.00000000
Section-1,20.32354940,-4.68682023,0.00000000,1.00000000
Section-1,20.76120458,-2.09842899,0.00000000,1.00000000
Section-1,20.87038438,0.52569227,0.00000000,1.00000000
Section-1,20.64904360,3.14400572,0.00000000,1.00000000
Section-1,20.10037147,5.71502568,0.00000000,1.00000000
Section-1,19.23274608,8.19797590,0.00000000,1.00000000
Section-1,18.05960667,10.55343627,0.00000000,1.00000000
Section-1,16.59924555,12.74396868,0.00000000,1.00000000
Section-1,14.87452294,14.73471205,0.00000000,1.00000000
Section-1,12.91250917,16.49393709,0.00000000,1.00000000
Section-1,10.74405983,17.99355204,0.00000000,1.00000000
Section-1,8.40333054,19.20955117,0.00000000,1.00000000
Section-1,5.92723900,20.12239903,0.00000000,1.00000000
Section-1,3.35488268,20.71734424,0.00000000,1.00000000
Section-1,0.72692153,20.98465776,0.00000000,1.00000000
Section-1,-1.91506473,20.91979183,0.00000000,1.00000000
Section-1,-4.52923447,20.52345696,0.00000000,1.00000000
Section-1,-7.07414685,19.80161573,0.00000000,1.00000000
Section-1,-9.50941870,18.76539327,0.00000000,1.00000000
Section-1,-11.79636535,17.43090597,0.00000000,1.00000000
Section-1,-13.89861514,15.81901092,0.00000000,1.00000000
Section-1,-15.78268787,13.95497993,0.00000000,1.00000000
Section-1,-17.41852794,11.86810338,0.00000000,1.00000000
Section-1,-18.77998386,9.59123001,0.00000000,1.00000000
Section-1,-19.84522620,7.16024984,0.00000000,1.00000000
Section-1,-20.59709763,4.61352850,0.00000000,1.00000000
Section-1,-21.02338910,1.99130168,0.00000000,1.00000000
Section-1,-21.11703804,-0.66496045,0.00000000,1.00000000
Section-1,-20.87624511,-3.31320920,0.00000000,1.00000000
Section-1,-20.30450771,-5.91148288,0.00000000,1.00000000
Section-1,-19.41056958,-8.41857178,0.00000000,1.00000000
Section-1,-18.20828725,-10.79467171,0.00000000,1.00000000
Section-1,-16.71641539,-13.00201596,0.00000000,1.00000000
Section-1,-14.95831425,-15.00547562,0.00000000,1.00000000
Section-1,-12.96158399,-16.77311856,0.00000000,1.00000000
Section-1,-10.75763140,-18.27671840,0.00000000,1.00000000
Section-1,-8.38117590,-19.49220519,0.00000000,1.00000000
Section-1,-5.86970262,-20.40005069,0.00000000,1.00000000
Section-1,-3.26287115,-20.98558205,0.00000000,1.00000000
Section-1,-0.60188927,-21.23921886,0.00000000,1.00000000
Section-1,2.07113849,-21.15662971,0.00000000,1.00000000
Section-1,4.71387700,-20.73880582,0.00000000,1.00000000
Section-1,7.28443110,-19.99205030,0.00000000,1.00000000
Section-1,9.74200969,-18.92788335,0.00000000,1.00000000
Section-1,12.04757308,-17.56286463,0.00000000,1.00000000
Section-1,14.16445312,-15.91833565,0.00000000,1.00000000
Section-1,16.05893638,-14.02008617,0.00000000,1.00000000
Section-1,17.70080102,-11.89794980,0.00000000,1.00000000
Section-1,19.06379893,-9.58533515,0.00000000,1.00000000
Section-1,20.12607527,-7.11869987,0.00000000,1.00000000
Section-1,20.87051886,-4.53697598,0.00000000,1.00000000
Section-1,21.28503774,-1.88095533,0.00000000,1.00000000
Section-1,21.36275542,0.80735490,0.00000000,1.00000000
Section-1,21.10212476,3.48539653,0.00000000,1.00000000
Section-1,20.50695745,6.11073420,0.00000000,1.00000000
Section-1,19.58636867,8.64172771,0.00000000,1.00000000
Section-1,18.35463761,11.03819249,0.00000000,1.00000000
Section-1,16.83098613,13.26203762,0.00000000,1.00000000
Section-1,15.03927881,15.27787125,0.00000000,1.00000000
Section-1,13.00764925,17.05356386,0.00000000,1.00000000
Section-1,10.76805832,18.56076029,0.00000000,1.00000000
Section-1,8.35579138,19.77533253,0.00000000,1.00000000
Section-1,5.80890238,20.67776593,0.00000000,1.00000000
Section-1,3.16761357,21.25347267,0.00000000,1.00000000
Section-1,0.47368024,21.49302746,0.00000000,1.00000000
Section-1,-2.23026933,21.39232171,0.00000000,1.00000000
Section-1,-4.90140842,20.95263355,0.00000000,1.00000000
Section-1,-7.49739019,20.18061262,0.00000000,1.00000000
Section-1,-9.97701904,19.08817975,0.00000000,1.00000000
Section-1,-12.30090431,17.69234293,0.00000000,1.00000000
Section-1,-14.43208604,16.01493268,0.00000000,1.00000000
Section-1,-16.33662276,14.08226064,0.00000000,1.00000000
Section-1,-17.98413208,11.92470686,0.00000000,1.00000000
Section-1,-19.34827529,9.57624234,0.00000000,1.00000000
Section-1,-20.40717841,7.07389410,0.00000000,1.00000000
Section-1,-21.14378289,4.45716145,0.00000000,1.00000000
Section-1,-21.54612037,1.76739249,0.00000000,1.00000000
Section-1,-21.60750693,-0.95286926,0.00000000,1.00000000
Section-1,-21.32665398,-3.66055774,0.00000000,1.00000000
Section-1,-20.70769362,-6.31276614,0.00000000,1.00000000
Section-1,-19.76011819,-8.86742688,0.00000000,1.00000000
Section-1,-18.49863490,-11.28397878,0.00000000,1.00000000
Section-1,-16.94293760,-13.52401109,0.00000000,1.00000000
Section-1,-15.11739945,-15.55187404,0.00000000,1.00000000
Section-1,-13.05069102,-17.33524613,0.00000000,1.00000000
Section-1,-10.77533014,-18.84564931,0.00000000,1.00000000
Section-1,-8.32717021,-20.05890370,0.00000000,1.00000000
Section-1,-5.74483528,-20.95551463,0.00000000,1.00000000
Section-1,-3.06911071,-21.52098582,0.00000000,1.00000000
Section-1,-0.34229902,-21.74605364,0.00000000,1.00000000
Section-1,2.39244894,-21.62683871,0.00000000,1.00000000
Section-1,5.09181682,-21.16491233,0.00000000,1.00000000
Section-1,7.71300884,-20.36727659,0.00000000,1.00000000
Section-1,10.21442831,-19.24625846,0.00000000,1.00000000
Section-1,12.55633773,-17.81931939,0.00000000,1.00000000
Section-1,14.70149004,-16.10878340,0.00000000,1.00000000
Section-1,16.61572102,-14.14148785,0.00000000,1.00000000
Section-1,18.26849338,-11.94836248,0.00000000,1.00000000
Section-1,19.63338388,-9.56394309,0.00000000,1.00000000
Section-1,20.68850572,-7.02582774,0.00000000,1.00000000
Section-1,21.41685946,-4.37408390,0.00000000,1.00000000
Section-1,21.80660684,-1.65061597,0.00000000,1.00000000
Section-1,21.85126303,1.10149698,0.00000000,1.00000000
Section-1,21.54980430,3.83868256,0.00000000,1.00000000
Section-1,20.90668923,6.51756496,0.00000000,1.00000000
Section-1,19.93179310,9.09565228,0.00000000,1.00000000
Section-1,18.64025641,11.53201056,0.00000000,1.00000000
Section-1,17.05224981,13.78791368,0.00000000,1.00000000
Section-1,15.19265917,15.82745892,0.00000000,1.00000000
Section-1,13.09069561,17.61813836,0.00000000,1.00000000
Section-1,10.77943668,19.13135696,0.00000000,1.00000000
Section-1,8.29530584,20.34288915,0.00000000,1.00000000
Section-1,5.67749852,21.23326666,0.00000000,1.00000000
Section-1,2.96736363,21.78809127,0.00000000,1.00000000
Section-1,0.20775045,21.99826753,0.00000000,1.00000000
Section-1,-2.55766878,21.86015169,0.00000000,1.00000000
Section-1,-5.28509008,21.37561443,0.00000000,1.00000000
Section-1,-7.93127152,20.55201621,0.00000000,1.00000000
Section-1,-10.45421882,19.40209567,0.00000000,1.00000000
Section-1,-12.81385181,17.94377273,0.00000000,1.00000000
Section-1,-14.97264111,16.19986936,0.00000000,1.00000000
Section-1,-16.89620501,14.19775255,0.00000000,1.00000000
Section-1,-18.55385706,11.96890479,0.00000000,1.00000000
Section-1,-19.91909558,9.54842912,0.00000000,1.00000000
Section-1,-20.97002727,6.97449624,0.00000000,1.00000000
Section-1,-21.68971830,4.28774260,0.00000000,1.00000000
Section-1,-22.06646705,1.53062885,0.00000000,1.00000000
Section-1,-22.09399423,-1.25323121,0.00000000,1.00000000
Section-1,-21.77154731,-4.01976053,0.00000000,1.00000000
Section-1,-21.10391743,-6.72511669,0.00000000,1.00000000
Section-1,-20.10136851,-9.32638668,0.00000000,1.00000000
Section-1,-18.77947962,-11.78226760,0.00000000,1.00000000
Section-1,-17.15890294,-14.05372246,0.00000000,1.00000000
Section-1,-15.26504120,-16.10460070,0.00000000,1.00000000
Section-1,-13.12764953,-17.90221346,0.00000000,1.00000000
Section-1,-10.78036795,-19.41785464,0.00000000,1.00000000
Section-1,-8.26019200,-20.62725925,0.00000000,1.00000000
Section-1,-5.60688961,-21.51099184,0.00000000,1.00000000
Section-1,-2.86237360,-22.05475876,0.00000000,1.00000000
Section-1,-0.07003961,-22.24963926,0.00000000,1.00000000
Section-1,2.72592005,-22.09223166,0.00000000,1.00000000
Section-1,5.48121582,-21.58471221,0.00000000,1.00000000
Section-1,8.15216248,-20.73480561,0.00000000,1.00000000
Section-1,10.69637171,-19.55566768,0.00000000,1.00000000
Section-1,13.07342487,-18.06568180,0.00000000,1.00000000
Section-1,15.24551506,-16.28817235,0.00000000,1.00000000
Section-1,17.17804844,-14.25103967,0.00000000,1.00000000
Section-1,18.84019516,-11.98632216,0.00000000,1.00000000
Section-1,20.20538118,-9.52969241,0.00000000,1.00000000
Section-1,21.25171309,-6.91989532,0.00000000,1.00000000
Section-1,21.96232913,-4.19813706,0.00000000,1.00000000
Section-1,22.32567087,-1.40743445,0.00000000,1.00000000
Section-1,22.33567106,1.40806488,0.00000000,1.00000000
Section-1,21.99185468,4.20378091,0.00000000,1.00000000
Section-1,21.29935146,6.93540713,0.00000000,1.00000000
Section-1,20.26881966,9.55961261,0.00000000,1.00000000
Section-1,18.91628215,12.03472947,0.00000000,1.00000000
Section-1,17.26287735,14.32141439,0.00000000,1.00000000
Section-1,15.33452897,16.38327401,0.00000000,1.00000000
Section-1,13.16153953,18.18744418,0.00000000,1.00000000
Section-1,10.77811425,19.70511368,0.00000000,1.00000000
Section-1,8.22182263,20.91198433,0.00000000,1.00000000
Section-1,5.53300626,21.78865995,0.00000000,1.00000000
Section-1,2.75414217,22.32095802,0.00000000,1.00000000
Section-1,-0.07082816,22.50013902,0.00000000,1.00000000
Section-1,-2.89719370,22.32304971,0.00000000,1.00000000
Section-1,-5.68018146,21.79217810,0.00000000,1.00000000
Section-1,-8.37566576,20.91561904,0.00000000,1.00000000
Section-1,-10.94086790,19.70695095,0.00000000,1.00000000
Section-1,-13.33503502,18.18502565,0.00000000,1.00000000
Section-1,-15.52008756,16.37367431,0.00000000,1.00000000
Section-1,-17.46122490,14.30133438,0.00000000,1.00000000
Section-1,-19.12747960,12.00060320,0.00000000,1.00000000
Section-1,-20.49221141,9.50772518,0.00000000,1.00000000
Section-1,-21.53353315,6.86202093,0.00000000,1.00000000
Section-1,-22.23466165,4.10526703,0.00000000,1.00000000
Section-1,-22.58418823,1.28103634,0.00000000,1.00000000
Section-1,-22.57626414,-1.56599066,0.00000000,1.00000000
Section-1,-22.21069816,-4.39073276,0.00000000,1.00000000
Section-1,-21.49296467,-7.14842185,0.00000000,1.00000000
Section-1,-20.43412192,-9.79531244,0.00000000,1.00000000
Section-1,-19.05064179,-12.28937557,0.00000000,1.00000000
Section-1,-17.36415361,-14.59096620,0.00000000,1.00000000
Section-1,-15.40110610,-16.66345337,0.00000000,1.00000000
Section-1,-13.19235257,-18.47380316,0.00000000,1.00000000
Section-1,-10.77266606,-19.99310528,0.00000000,1.00000000
Section-1,-8.18019192,-21.19703463,0.00000000,1.00000000
Section-1,-5.45584645,-22.06624076,0.00000000,1.00000000
Section-1,-2.64267115,-22.58665882,0.00000000,1.00000000
Section-1,0.21484729,-22.74973702,0.00000000,1.00000000
Section-1,3.07148046,-22.55257699,0.00000000,1.00000000
Section-1,5.88197414,-21.99798467,0.00000000,1.00000000
Section-1,8.60176519,-21.09443087,0.00000000,1.00000000
Section-1,11.18768812,-19.85592210,0.00000000,1.00000000
Section-1,13.59866020,-18.30178350,0.00000000,1.00000000
Section-1,15.79633410,-16.45635740,0.00000000,1.00000000
Section-1,17.74570784,-14.34862206,0.00000000,1.00000000
Section-1,19.41568221,-12.01173672,0.00000000,1.00000000
Section-1,20.77955691,-9.48251987,0.00000000,1.00000000
Section-1,21.81545736,-6.80086928,0.00000000,1.00000000
Section-1,22.50668555,-4.00913253,0.00000000,1.00000000
Section-1,22.84198906,-1.15143833,0.00000000,1.00000000
Section-1,22.81574410,1.72700099,0.00000000,1.00000000
Section-1,22.42804958,4.58060487,0.00000000,1.00000000
Section-1,21.68473052,7.36414622,0.00000000,1.00000000
Section-1,20.59725081,10.03346829,0.00000000,1.00000000
Section-1,19.18253650,12.54618509,0.00000000,1.00000000
Section-1,17.46271246,14.86235450,0.00000000,1.00000000
Section-1,15.46475643,16.94511311,0.00000000,1.00000000
Section-1,13.22007583,18.76126294,0.00000000,1.00000000
Section-1,10.76401413,20.28180059,0.00000000,1.00000000
Section-1,8.13529432,21.48238036,0.00000000,1.00000000
Section-1,5.37540842,22.34370401,0.00000000,1.00000000
Section-1,2.52796257,22.85183090,0.00000000,1.00000000
Section-1,-0.36201194,22.99840351,0.00000000,1.00000000
Section-1,-3.24877080,22.78078472,0.00000000,1.00000000
Section-1,-6.08658082,22.20210455,0.00000000,1.00000000
Section-1,-8.83044435,21.27121562,0.00000000,1.00000000
Section-1,-11.43681289,20.00255788,0.00000000,1.00000000
Section-1,-13.86427816,18.41593475,0.00000000,1.00000000
Section-1,-16.07423003,16.53620397,0.00000000,1.00000000
Section-1,-18.03147059,14.39288829,0.00000000,1.00000000
Section-1,-19.70477472,12.01971178,0.00000000,1.00000000
Section-1,-21.06738824,9.45406920,0.00000000,1.00000000
Section-1,-22.09745563,6.73643682,0.00000000,1.00000000
Section-1,-22.77837051,3.90973382,0.00000000,1.00000000
Section-1,-23.09904330,1.01864451,0.00000000,1.00000000
Section-1,-23.05408165,-1.89108805,0.00000000,1.00000000
Section-1,-22.64388087,-4.77338579,0.00000000,1.00000000
Section-1,-21.87462260,-7.58256535,0.00000000,1.00000000
Section-1,-20.75818198,-10.27406207,0.00000000,1.00000000
Section-1,-19.31194439,-12.80513704,0.00000000,1.00000000
Section-1,-17.55853483,-15.13555570,0.00000000,1.00000000
Section-1,-15.52546400,-17.22822745,0.00000000,1.00000000
Section-1,-13.24469674,-19.04979591,0.00000000,1.00000000
Section-1,-10.75214945,-20.57117065,0.00000000,1.00000000
Section-1,-8.08712452,-21.76799166,0.00000000,1.00000000
Section-1,-5.29169065,-22.62101940,0.00000000,1.00000000
Section-1,-2.41001874,-23.11644402,0.00000000,1.00000000
Section-1,0.51231602,-23.24610878,0.00000000,1.00000000
Section-1,3.42905496,-23.00764418,0.00000000,1.00000000
Section-1,6.29398818,-22.40451047,0.00000000,1.00000000
Section-1,9.06168664,-21.44594789,0.00000000,1.00000000
Section-1,11.68822253,-20.14683523,0.00000000,1.00000000
Section-1,14.13186649,-18.52745896,0.00000000,1.00000000
Section-1,16.35375055,-16.61319658,0.00000000,1.00000000
Section-1,18.31848634,-14.43411889,0.00000000,1.00000000
Section-1,19.99472874,-12.02451768,0.00000000,1.00000000
Section-1,21.35567591,-9.42236610,0.00000000,1.00000000
Section-1,22.37949779,-6.66872026,0.00000000,1.00000000
Section-1,23.04968620,-3.80707144,0.00000000,1.00000000
Section-1,23.35532093,-0.88265920,0.00000000,1.00000000
Section-1,23.29124755,2.05824376,0.00000000,1.00000000
Section-1,22.85816402,4.96906387,0.00000000,1.00000000
Section-1,22.06261459,7.80366413,0.00000000,1.00000000
Section-1,20.91689123,10.51707550,0.00000000,1.00000000
Section-1,19.43884376,13.06621022,0.00000000,1.00000000
Section-1,17.65160183,15.41054606,0.00000000,1.00000000
Section-1,15.58321308,17.51277046,0.00000000,1.00000000
Section-1,13.26620293,19.33937439,0.00000000,1.00000000
Section-1,10.73706322,20.86118641,0.00000000,1.00000000
Section-1,8.03567745,22.05383861,0.00000000,1.00000000
Section-1,5.20469187,22.89815663,0.00000000,1.00000000
Section-1,2.28884221,23.38046795,0.00000000,1.00000000
Section-1,-0.66575321,23.49282315,0.00000000,1.00000000
Section-1,-3.61232291,23.23312673,0.00000000,1.00000000
Section-1,-6.50418269,22.60517530,0.00000000,1.00000000
Section-1,-9.29547520,21.61860247,0.00000000,1.00000000
Section-1,-11.94189718,20.28873120,0.00000000,1.00000000
Section-1,-14.40140259,18.63633590,0.00000000,1.00000000
Section-1,-16.63487067,16.68731798,0.00000000,1.00000000
Section-1,-18.60672815,14.47229988,0.00000000,1.00000000
Section-1,-20.28551580,12.02614394,0.00000000,1.00000000
Section-1,-21.64439035,9.38740376,0.00000000,1.00000000
Section-1,-22.66155366,6.59771655,0.00000000,1.00000000
Section-1,-23.32060228,3.70114614,0.00000000,1.00000000
Section-1,-23.61079195,0.74348698,0.00000000,1.00000000
Section-1,-23.52721261,-2.22845983,0.00000000,1.00000000
Section-1,-23.07087111,-5.16762717,0.00000000,1.00000000
Section-1,-22.24868030,-8.02742725,0.00000000,1.00000000
Section-1,-21.07335450,-10.76249008,0.00000000,1.00000000
Section-1,-19.56321305,-13.32938327,0.00000000,1.00000000
Section-1,-17.74189479,-15.68730166,0.00000000,1.00000000
Section-1,-15.63798811,-17.79871607,0.00000000,1.00000000
Section-1,-13.28458225,-19.62997053,0.00000000,1.00000000
Section-1,-10.71874690,-21.15181877,0.00000000,1.00000000
Section-1,-7.98094829,-22.33989125,0.00000000,1.00000000
Section-1,-5.11441107,-23.17508535,0.00000000,1.00000000
Section-1,-2.16443579,-23.64387247,0.00000000,1.00000000
Section-1,0.82231692,-23.73851700,0.00000000,1.00000000
Section-1,3.79856442,-23.45720380,0.00000000,1.00000000
Section-1,6.71715060,-22.80407196,0.00000000,1.00000000
Section-1,9.53179299,-21.78915422,0.00000000,1.00000000
Section-1,12.19781674,-20.42822302,0.00000000,1.00000000
Section-1,14.67286368,-18.74254549,0.00000000,1.00000000
Section-1,16.91756530,-16.75855113,0.00000000,1.00000000
Section-1,18.89616896,-14.50741750,0.00000000,1.00000000
Section-1,20.57710731,-12.02458031,0.00000000,1.00000000
Section-1,21.93350193,-9.34917559,0.00000000,1.00000000
Section-1,22.94359300,-6.52342289,0.00000000,1.00000000
Section-1,23.59108841,-3.59195895,0.00000000,1.00000000
Section-1,23.86542640,-0.60113268,0.00000000,1.00000000
Section-1,23.76194771,2.40172769,0.00000000,1.00000000
Section-1,23.28197434,5.36906356,0.00000000,1.00000000
Section-1,22.43279365,8.25383915,0.00000000,1.00000000
Section-1,21.22754787,11.01028712,0.00000000,1.00000000
Section-1,19.68503089,13.59463462,0.00000000,1.00000000
Section-1,17.82939519,15.96579843,0.00000000,1.00000000
Section-1,15.68977379,18.08603807,0.00000000,1.00000000
Section-1,13.29982281,19.92155643,0.00000000,1.00000000
Section-1,10.69719218,21.44303851,0.00000000,1.00000000
Section-1,7.92293248,22.62611956,0.00000000,1.00000000
Section-1,5.02084749,23.45177522,0.00000000,1.00000000
Section-1,2.03680254,23.90662736,0.00000000,1.00000000
Section-1,-0.98200032,23.98316073,0.00000000,1.00000000
Section-1,-3.98776897,23.67984690,0.00000000,1.00000000
Section-1,-6.93287790,23.00117352,0.00000000,1.00000000
Section-1,-9.77062274,21.95757818,0.00000000,1.00000000
Section-1,-12.45596097,20.56528810,0.00000000,1.00000000
Section-1,-14.94622681,18.84606785,0.00000000,1.00000000
Section-1,-17.20180915,16.82687918,0.00000000,1.00000000
Section-1,-19.18678158,14.53945823,0.00000000,1.00000000
Section-1,-20.86947462,12.01981678,0.00000000,1.00000000
Section-1,-22.22298093,9.30767528,0.00000000,1.00000000
Section-1,-23.22558555,6.44583673,0.00000000,1.00000000
Section-1,-23.86111424,3.47951115,0.00000000,1.00000000
Section-1,-24.11919432,0.45560137,0.00000000,1.00000000
Section-1,-23.99542377,-2.57803854,0.00000000,1.00000000
Section-1,-23.49144597,-5.57336064,0.00000000,1.00000000
Section-1,-22.61492868,-8.48288406,0.00000000,1.00000000
Section-1,-21.37944758,-11.26044769,0.00000000,1.00000000
Section-1,-19.80427608,-13.86194252,0.00000000,1.00000000
Section-1,-17.91408475,-16.24601213,0.00000000,1.00000000
Section-1,-15.73855498,-18.37471011,0.00000000,1.00000000
Section-1,-13.31191291,-20.21410404,0.00000000,1.00000000
Section-1,-10.67239100,-21.73481634,0.00000000,1.00000000
Section-1,-7.86162569,-22.91249347,0.00000000,1.00000000
Section-1,-4.92400061,-23.72819586,0.00000000,1.00000000
Section-1,-1.90594576,-24.16870244,0.00000000,1.00000000
Section-1,1.14479633,-24.22672481,0.00000000,1.00000000
Section-1,4.17992585,-23.90102762,0.00000000,1.00000000
Section-1,7.15135039,-23.19645312,0.00000000,1.00000000
Section-1,10.01194697,-22.12384950,0.00000000,1.00000000
Section-1,12.71630938,-20.69990398,0.00000000,1.00000000
Section-1,15.22146884,-18.94688328,0.00000000,1.00000000
Section-1,17.48757681,-16.89228549,0.00000000,1.00000000
Section-1,19.47853872,-14.56840874,0.00000000,1.00000000
Section-1,21.16258895,-12.01184357,0.00000000,1.00000000
Section-1,22.51279759,-9.26289674,0.00000000,1.00000000
Section-1,23.50750102,-6.36495579,0.00000000,1.00000000
Section-1,24.13064945,-3.36380427,0.00000000,1.00000000
Section-1,24.37206581,-0.30689840,0.00000000,1.00000000
Section-1,24.22761178,2.75738333,0.00000000,1.00000000
Section-1,23.69925835,5.78050580,0.00000000,1.00000000
Section-1,22.79505957,8.71454599,0.00000000,1.00000000
Section-1,21.52903000,11.51295268,0.00000000,1.00000000
Section-1,19.92092758,14.13128505,0.00000000,1.00000000
Section-1,17.99594535,16.52791835,0.00000000,1.00000000
Section-1,15.78431681,18.66470570,0.00000000,1.00000000
Section-1,13.32084111,20.50758521,0.00000000,1.00000000
Section-1,10.64433554,22.02712291,0.00000000,1.00000000
Section-1,7.79702385,23.19898287,0.00000000,1.00000000
Section-1,4.82387018,24.00431688,0.00000000,1.00000000
Section-1,1.77186903,24.43006751,0.00000000,1.00000000
Section-1,-1.31069763,24.46917974,0.00000000,1.00000000
Section-1,-4.37502407,24.12071760,0.00000000,1.00000000
Section-1,-7.37255360,23.38988403,0.00000000,1.00000000
Section-1,-10.25574798,22.28794347,0.00000000,1.00000000
Section-1,-12.97884131,20.83204837,0.00000000,1.00000000
Section-1,-15.49856650,19.04497226,0.00000000,1.00000000
Section-1,-17.77484271,16.95475362,0.00000000,1.00000000
Section-1,-19.77141293,14.59425596,0.00000000,1.00000000
Section-1,-21.45642145,12.00065115,0.00000000,1.00000000
Section-1,-22.80292209,9.21483412,0.00000000,1.00000000
Section-1,-23.78930907,6.28077801,0.00000000,1.00000000
Section-1,-24.39966367,3.24484009,0.00000000,1.00000000
Section-1,-24.62401098,0.15502933,0.00000000,1.00000000
Section-1,-24.45848282,-2.93975278,0.00000000,1.00000000
Section-1,-23.90538395,-5.99048618,0.00000000,1.00000000
Section-1,-22.97316060,-8.94880871,0.00000000,1.00000000
Section-1,-21.67627167,-11.76778279,0.00000000,1.00000000
Section-1,-20.03496454,-14.40264009,0.00000000,1.00000000
Section-1,-18.07495907,-16.81149254,0.00000000,1.00000000
Section-1,-15.82704457,-18.95599824,0.00000000,1.00000000
Section-1,-13.32659619,-20.80197169,0.00000000,1.00000000
Section-1,-10.61301820,-22.31992877,0.00000000,1.00000000
Section-1,-7.72912313,-23.48555761,0.00000000,1.00000000
Section-1,-4.72045620,-24.28010789,0.00000000,1.00000000
Section-1,-1.63457615,-24.69069243,0.00000000,1.00000000
Section-1,1.47969663,-24.71049608,0.00000000,1.00000000
Section-1,4.57305241,-24.33888860,0.00000000,1.00000000
Section-1,7.59647287,-23.58143963,0.00000000,1.00000000
Section-1,10.50200787,-22.44983553,0.00000000,1.00000000
Section-1,13.24353592,-20.96169914,0.00000000,1.00000000
Section-1,15.77749630,-19.14031547,0.00000000,1.00000000
Section-1,18.06358114,-17.01426736,0.00000000,1.00000000
Section-1,20.06537668,-14.61698700,0.00000000,1.00000000
Section-1,21.75094317,-11.98623021,0.00000000,1.00000000
Section-1,23.09332454,-9.16348184,0.00000000,1.00000000
Section-1,24.07097937,-6.19330160,0.00000000,1.00000000
Section-1,24.66812658,-3.12262064,0.00000000,1.00000000
Section-1,24.87500000,-0.00000000,0.00000000,1.00000000
Section-2,19.87500000,0.00000000,1.00000000,1.00000000
Section-2,19.72759247,2.49722196,1.00000000,1.00000000
Section-2,19.26750640,4.95740021,1.00000000,1.00000000
Section-2,18.50171566,7.34152137,1.00000000,1.00000000
Section-2,17.44204449,9.61173771,1.00000000,1.00000000
Section-2,16.10498508,11.73196802,1.00000000,1.00000000
Section-2,14.51144094,13.66847105,1.00000000,1.00000000
Section-2,12.68640018,15.39038243,1.00000000,1.00000000
Section-2,10.65854371,16.87020656,1.00000000,1.00000000
Section-2,8.45979452,18.08425568,1.00000000,1.00000000
Section-2,6.12481515,19.01302897,1.00000000,1.00000000
Section-2,3.69046130,19.64152569,1.00000000,1.00000000
Section-2,1.19520006,19.95948744,1.00000000,1.00000000
Section-2,-1.32149792,19.96156536,1.00000000,1.00000000
Section-2,-3.81978278,19.64740989,1.00000000,1.00000000
Section-2,-6.26005645,19.02168125,1.00000000,1.00000000
Section-2,-8.60360030,18.09398063,1.00000000,1.00000000
Section-2,-10.81318942,16.87870308,1.00000000,1.00000000
Section-2,-12.85368393,15.39481416,1.00000000,1.00000000
Section-2,-14.69258782,13.66555408,1.00000000,1.00000000
Section-2,-16.30056642,11.71807372,1.00000000,1.00000000
Section-2,-17.65191435,9.58300842,1.00000000,1.00000000
Section-2,-18.72496638,7.29399603,1.00000000,1.00000000
Section-2,-19.50244479,4.88714702,1.00000000,1.00000000
Section-2,-19.97173741,2.40047475,1.00000000,1.00000000
Section-2,-20.12510215,-0.12670483,1.00000000,1.00000000
Section-2,-19.95979448,-2.65439483,1.00000000,1.00000000
Section-2,-19.47811593,-5.14255046,1.00000000,1.00000000
Section-2,-18.68738263,-7.55171335,1.00000000,1.00000000
Section-2,-17.59981438,-9.84363740,1.00000000,1.00000000
Section-2,-16.23234594,-11.98189589,1.00000000,1.00000000
Section-2,-14.60636339,-13.93246043,1.00000000,1.00000000
Section-2,-12.74736974,-15.66424245,1.00000000,1.00000000
Section-2,-10.68458496,-17.14958873,1.00000000,1.00000000
Section-2,-8.45048670,-18.36472291,1.00000000,1.00000000
Section-2,-6.08029898,-19.29012601,1.00000000,1.00000000
Section-2,-3.61143682,-19.91084997,1.00000000,1.00000000
Section-2,-1.08291566,-20.21675894,1.00000000,1.00000000
Section-2,1.46526525,-20.20269469,1.00000000,1.00000000
Section-2,3.99275557,-19.86856324,1.00000000,1.00000000
Section-2,6.45949281,-19.21934138,1.00000000,1.00000000
Section-2,8.82633740,-18.26500282,1.00000000,1.00000000
Section-2,11.05569363,-17.02036510,1.00000000,1.00000000
Section-2,13.11210691,-15.50485964,1.00000000,1.00000000
Section-2,14.96282757,-13.74222846,1.00000000,1.00000000
Section-2,16.57833237,-11.76015220,1.00000000,1.00000000
Section-2,17.93279552,-9.58981554,1.00000000,1.00000000
Section-2,19.00450142,-7.26541649,1.00000000,1.00000000
Section-2,19.77619282,-4.82362762,1.00000000,1.00000000
Section-2,20.23534857,-2.30301746,1.00000000,1.00000000
Section-2,20.37438675,0.25655874,1.00000000,1.00000000
Section-2,20.19078955,2.81458915,1.00000000,1.00000000
Section-2,19.68714825,5.33054654,1.00000000,1.00000000
Section-2,18.87112712,7.76453042,1.00000000,1.00000000
Section-2,17.75534699,10.07789979,1.00000000,1.00000000
Section-2,16.35719020,12.23388655,1.00000000,1.00000000
Section-2,14.69852983,14.19817993,1.00000000,1.00000000
Section-2,12.80538758,15.93947249,1.00000000,1.00000000
Section-2,10.70752560,17.42995905,1.00000000,1.00000000
Section-2,8.43797856,18.64578071,1.00000000,1.00000000
Section-2,6.03253354,19.56740668,1.00000000,1.00000000
Section-2,3.52916567,20.17994796,1.00000000,1.00000000
Section-2,0.96743868,20.47339782,1.00000000,1.00000000
Section-2,-1.61212042,20.44279508,1.00000000,1.00000000
Section-2,-4.16866245,20.08830764,1.00000000,1.00000000
Section-2,-6.66166297,19.41523487,1.00000000,1.00000000
Section-2,-9.05156461,18.43392866,1.00000000,1.00000000
Section-2,-11.30040477,17.15963431,1.00000000,1.00000000
Section-2,-13.37241860,15.61225382,1.00000000,1.00000000
Section-2,-15.23460781,13.81603507,1.00000000,1.00000000
Section-2,-16.85726615,11.79919193,1.00000000,1.00000000
Section-2,-18.21445332,9.59346110,1.00000000,1.00000000
Section-2,-19.28440953,7.23360275,1.00000000,1.00000000
Section-2,-20.04990441,4.75685269,1.00000000,1.00000000
Section-2,-20.49851435,2.20233493,1.00000000,1.00000000
Section-2,-20.62282406,-0.38955642,1.00000000,1.00000000
Section-2,-20.42054885,-2.97779587,1.00000000,1.00000000
Section-2,-19.89457589,-5.52137589,1.00000000,1.00000000
Section-2,-19.05292345,-7.97995666,1.00000000,1.00000000
Section-2,-17.90861886,-10.31450582,1.00000000,1.00000000
Section-2,-16.47949697,-12.48791815,1.00000000,1.00000000
Section-2,-14.78792227,-14.46560529,1.00000000,1.00000000
Section-2,-12.86043891,-16.21604620,1.00000000,1.00000000
Section-2,-10.72735426,-17.71128953,1.00000000,1.00000000
Section-2,-8.42226234,-18.92739989,1.00000000,1.00000000
Section-2,-5.98151480,-19.84484101,1.00000000,1.00000000
Section-2,-3.44364761,-20.44878946,1.00000000,1.00000000
Section-2,-0.84877269,-20.72937409,1.00000000,1.00000000
Section-2,1.76205610,-20.68183721,1.00000000,1.00000000
Section-2,4.34749248,-20.30661490,1.00000000,1.00000000
Section-2,6.86655252,-19.60933514,1.00000000,1.00000000
Section-2,9.27926432,-18.60073361,1.00000000,1.00000000
Section-2,11.54730226,-17.29648860,1.00000000,1.00000000
Section-2,13.63459579,-15.71697731,1.00000000,1.00000000
Section-2,15.50790310,-13.88695759,1.00000000,1.00000000
Section-2,17.13734048,-11.83517991,1.00000000,1.00000000
Section-2,18.49685903,-9.59393567,1.00000000,1.00000000
Section-2,19.56466103,-7.19854904,1.00000000,1.00000000
Section-2,20.32354940,-4.68682023,1.00000000,1.00000000
Section-2,20.76120458,-2.09842899,1.00000000,1.00000000
Section-2,20.87038438,0.52569227,1.00000000,1.00000000
Section-2,20.64904360,3.14400572,1.00000000,1.00000000
Section-2,20.10037147,5.71502568,1.00000000,1.00000000
Section-2,19.23274608,8.19797590,1.00000000,1.00000000
Section-2,18.05960667,10.55343627,1.00000000,1.00000000
Section-2,16.59924555,12.74396868,1.00000000,1.00000000
Section-2,14.87452294,14.73471205,1.00000000,1.00000000
Section-2,12.91250917,16.49393709,1.00000000,1.00000000
Section-2,10.74405983,17.99355204,1.00000000,1.00000000
Section-2,8.40333054,19.20955117,1.00000000,1.00000000
Section-2,5.92723900,20.12239903,1.00000000,1.00000000
Section-2,3.35488268,20.71734424,1.00000000,1.00000000
Section-2,0.72692153,20.98465776,1.00000000,1.00000000
Section-2,-1.91506473,20.91979183,1.00000000,1.00000000
Section-2,-4.52923447,20.52345696,1.00000000,1.00000000
Section-2,-7.07414685,19.80161573,1.00000000,1.00000000
Section-2,-9.50941870,18.76539327,1.00000000,1.00000000
Section-2,-11.79636535,17.43090597,1.00000000,1.00000000
Section-2,-13.89861514,15.81901092,1.00000000,1.00000000
Section-2,-15.78268787,13.95497993,1.00000000,1.00000000
Section-2,-17.41852794,11.86810338,1.00000000,1.00000000
Section-2,-18.77998386,9.59123001,1.00000000,1.00000000
Section-2,-19.84522620,7.16024984,1.00000000,1.00000000
Section-2,-20.59709763,4.61352850,1.00000000,1.00000000
Section-2,-21.02338910,1.99130168,1.00000000,1.00000000
Section-2,-21.11703804,-0.66496045,1.00000000,1.00000000
Section-2,-20.87624511,-3.31320920,1.00000000,1.00000000
Section-2,-20.30450771,-5.91148288,1.00000000,1.00000000
Section-2,-19.41056958,-8.41857178,1.00000000,1.00000000
Section-2,-18.20828725,-10.79467171,1.00000000,1.00000000
Section-2,-16.71641539,-13.00201596,1.00000000,1.00000000
Section-2,-14.95831425,-15.00547562,1.00000000,1.00000000
Section-2,-12.96158399,-16.77311856,1.00000000,1.00000000
Section-2,-10.75763140,-18.27671840,1.00000000,1.00000000
Section-2,-8.38117590,-19.49220519,1.00000000,1.00000000
Section-2,-5.86970262,-20.40005069,1.00000000,1.00000000
Section-2,-3.26287115,-20.98558205,1.00000000,1.00000000
Section-2,-0.60188927,-21.23921886,1.00000000,1.00000000
Section-2,2.07113849,-21.15662971,1.00000000,1.00000000
Section-2,4.71387700,-20.73880582,1.00000000,1.00000000
Section-2,7.28443110,-19.99205030,1.00000000,1.00000000
Section-2,9.74200969,-18.92788335,1.00000000,1.00000000
Section-2,12.04757308,-17.56286463,1.00000000,1.00000000
Section-2,14.16445312,-15.91833565,1.00000000,1.00000000
Section-2,16.05893638,-14.02008617,1.00000000,1.00000000
Section-2,17.70080102,-11.89794980,1.00000000,1.00000000
Section-2,19.06379893,-9.58533515,1.00000000,1.00000000
Section-2,20.12607527,-7.11869987,1.00000000,1.00000000
Section-2,20.87051886,-4.53697598,1.00000000,1.00000000
Section-2,21.28503774,-1.88095533,1.00000000,1.00000000
Section-2,21.36275542,0.80735490,1.00000000,1.00000000
Section-2,21.10212476,3.48539653,1.00000000,1.00000000
Section-2,20.50695745,6.11073420,1.00000000,1.00000000
Section-2,19.58636867,8.64172771,1.00000000,1.00000000
Section-2,18.35463761,11.03819249,1.00000000,1.00000000
Section-2,16.83098613,13.26203762,1.00000000,1.00000000
Section-2,15.03927881,15.27787125,1.00000000,1.00000000
Section-2,13.00764925,17.05356386,1.00000000,1.00000000
Section-2,10.76805832,18.56076029,1.00000000,1.00000000
Section-2,8.35579138,19.77533253,1.00000000,1.00000000
Section-2,5.80890238,20.67776593,1.00000000,1.00000000
Section-2,3.16761357,21.25347267,1.00000000,1.00000000
Section-2,0.47368024,21.49302746,1.00000000,1.00000000
Section-2,-2.23026933,21.39232171,1.00000000,1.00000000
Section-2,-4.90140842,20.95263355,1.00000000,1.00000000
Section-2,-7.49739019,20.18061262,1.00000000,1.00000000
Section-2,-9.97701904,19.08817975,1.00000000,1.00000000
Section-2,-12.30090431,17.69234293,1.00000000,1.00000000
Section-2,-14.43208604,16.01493268,1.00000000,1.00000000
Section-2,-16.33662276,14.08226064,1.00000000,1.00000000
Section-2,-17.98413208,11.92470686,1.00000000,1.00000000
Section-2,-19.34827529,9.57624234,1.00000000,1.00000000
Section-2,-20.40717841,7.07389410,1.00000000,1.00000000
Section-2,-21.14378289,4.45716145,1.00000000,1.00000000
Section-2,-21.54612037,1.76739249,1.00000000,1.00000000
Section-2,-21.60750693,-0.95286926,1.00000000,1.00000000
Section-2,-21.32665398,-3.66055774,1.00000000,1.00000000
Section-2,-20.70769362,-6.31276614,1.00000000,1.00000000
Section-2,-19.76011819,-8.86742688,1.00000000,1.00000000
Section-2,-18.49863490,-11.28397878,1.00000000,1.00000000
Section-2,-16.94293760,-13.52401109,1.00000000,1.00000000
Section-2,-15.11739945,-15.55187404,1.00000000,1.00000000
Section-2,-13.05069102,-17.33524613,1.00000000,1.00000000
Section-2,-10.77533014,-18.84564931,1.00000000,1.00000000
Section-2,-8.32717021,-20.05890370,1.00000000,1.00000000
Section-2,-5.74483528,-20.95551463,1.00000000,1.00000000
Section-2,-3.06911071,-21.52098582,1.00000000,1.00000000
Section-2,-0.34229902,-21.74605364,1.00000000,1.00000000
Section-2,2.39244894,-21.62683871,1.00000000,1.00000000
Section-2,5.09181682,-21.16491233,1.00000000,1.00000000
Section-2,7.71300884,-20.36727659,1.00000000,1.00000000
Section-2,10.21442831,-19.24625846,1.00000000,1.00000000
Section-2,12.55633773,-17.81931939,1.00000000,1.00000000
Section-2,14.70149004,-16.10878340,1.00000000,1.00000000
Section-2,16.61572102,-14.14148785,1.00000000,1.00000000
Section-2,18.26849338,-11.94836248,1.00000000,1.00000000
Section-2,19.63338388,-9.56394309,1.00000000,1.00000000
Section-2,20.68850572,-7.02582774,1.00000000,1.00000000
Section-2,21.41685946,-4.37408390,1.00000000,1.00000000
Section-2,21.80660684,-1.65061597,1.00000000,1.00000000
Section-2,21.85126303,1.10149698,1.00000000,1.00000000
Section-2,21.54980430,3.83868256,1.00000000,1.00000000
Section-2,20.90668923,6.51756496,1.00000000,1.00000000
Section-2,19.93179310,9.09565228,1.00000000,1.00000000
Section-2,18.64025641,11.53201056,1.00000000,1.00000000
Section-2,17.05224981,13.78791368,1.00000000,1.00000000
Section-2,15.19265917,15.82745892,1.00000000,1.00000000
Section-2,13.09069561,17.61813836,1.00000000,1.00000000
Section-2,10.77943668,19.13135696,1.00000000,1.00000000
Section-2,8.29530584,20.34288915,1.00000000,1.00000000
Section-2,5.67749852,21.23326666,1.00000000,1.00000000
Section-2,2.96736363,21.78809127,1.00000000,1.00000000
Section-2,0.20775045,21.99826753,1.00000000,1.00000000
Section-2,-2.55766878,21.86015169,1.00000000,1.00000000
Section-2,-5.28509008,21.37561443,1.00000000,1.00000000
Section-2,-7.93127152,20.55201621,1.00000000,1.00000000
Section-2,-10.45421882,19.40209567,1.00000000,1.00000000
Section-2,-12.81385181,17.94377273,1.00000000,1.00000000
Section-2,-14.97264111,16.19986936,1.00000000,1.00000000
Section-2,-16.89620501,14.19775255,1.00000000,1.00000000
Section-2,-18.55385706,11.96890479,1.00000000,1.00000000
Section-2,-19.91909558,9.54842912,1.00000000,1.00000000
Section-2,-20.97002727,6.97449624,1.00000000,1.00000000
Section-2,-21.68971830,4.28774260,1.00000000,1.00000000
Section-2,-22.06646705,1.53062885,1.00000000,1.00000000
Section-2,-22.09399423,-1.25323121,1.00000000,1.00000000
Section-2,-21.77154731,-4.01976053,1.00000000,1.00000000
Section-2,-21.10391743,-6.72511669,1.00000000,1.00000000
Section-2,-20.10136851,-9.32638668,1.00000000,1.00000000
Section-2,-18.77947962,-11.78226760,1.00000000,1.00000000
Section-2,-17.15890294,-14.05372246,1.00000000,1.00000000
Section-2,-15.26504120,-16.10460070,1.00000000,1.00000000
Section-2,-13.12764953,-17.90221346,1.00000000,1.00000000
Section-2,-10.78036795,-19.41785464,1.00000000,1.00000000
Section-2,-8.26019200,-20.62725925,1.00000000,1.00000000
Section-2,-5.60688961,-21.51099184,1.00000000,1.00000000
Section-2,-2.86237360,-22.05475876,1.00000000,1.00000000
Section-2,-0.07003961,-22.24963926,1.00000000,1.00000000
Section-2,2.72592005,-22.09223166,1.00000000,1.00000000
Section-2,5.48121582,-21.58471221,1.00000000,1.00000000
Section-2,8.15216248,-20.73480561,1.00000000,1.00000000
Section-2,10.69637171,-19.55566768,1.00000000,1.00000000
Section-2,13.07342487,-18.06568180,1.00000000,1.00000000
Section-2,15.24551506,-16.28817235,1.00000000,1.00000000
Section-2,17.17804844,-14.25103967,1.00000000,1.00000000
Section-2,18.84019516,-11.98632216,1.00000000,1.00000000
Section-2,20.20538118,-9.52969241,1.00000000,1.00000000
Section-2,21.25171309,-6.91989532,1.00000000,1.00000000
Section-2,21.96232913,-4.19813706,1.00000000,1.00000000
Section-2,22.32567087,-1.40743445,1.00000000,1.00000000
Section-2,22.33567106,1.40806488,1.00000000,1.00000000
Section-2,21.99185468,4.20378091,1.00000000,1.00000000
Section-2,21.29935146,6.93540713,1.00000000,1.00000000
Section-2,20.26881966,9.55961261,1.00000000,1.00000000
Section-2,18.91628215,12.03472947,1.00000000,1.00000000
Section-2,17.26287735,14.32141439,1.00000000,1.00000000
Section-2,15.33452897,16.38327401,1.00000000,1.00000000
Section-2,13.16153953,18.18744418,1.00000000,1.00000000
Section-2,10.77811425,19.70511368,1.00000000,1.00000000
Section-2,8.22182263,20.91198433,1.00000000,1.00000000
Section-2,5.53300626,21.78865995,1.00000000,1.00000000
Section-2,2.75414217,22.32095802,1.00000000,1.00000000
Section-2,-0.07082816,22.50013902,1.00000000,1.00000000
Section-2,-2.89719370,22.32304971,1.00000000,1.00000000
Section-2,-5.68018146,21.79217810,1.00000000,1.00000000
Section-2,-8.37566576,20.91561904,1.00000000,1.00000000
Section-2,-10.94086790,19.70695095,1.00000000,1.00000000
Section-2,-13.33503502,18.18502565,1.00000000,1.00000000
Section-2,-15.52008756,16.37367431,1.00000000,1.00000000
Section-2,-17.46122490,14.30133438,1.00000000,1.00000000
Section-2,-19.12747960,12.00060320,1.00000000,1.00000000
Section-2,-20.49221141,9.50772518,1.00000000,1.00000000
Section-2,-21.53353315,6.86202093,1.00000000,1.00000000
Section-2,-22.23466165,4.10526703,1.00000000,1.00000000
Section-2,-22.58418823,1.28103634,1.00000000,1.00000000
Section-2,-22.57626414,-1.56599066,1.00000000,1.00000000
Section-2,-22.21069816,-4.39073276,1.00000000,1.00000000
Section-2,-21.49296467,-7.14842185,1.00000000,1.00000000
Section-2,-20.43412192,-9.79531244,1.00000000,1.00000000
Section-2,-19.05064179,-12.28937557,1.00000000,1.00000000
Section-2,-17.36415361,-14.59096620,1.00000000,1.00000000
Section-2,-15.40110610,-16.66345337,1.00000000,1.00000000
Section-2,-13.19235257,-18.47380316,1.00000000,1.00000000
Section-2,-10.77266606,-19.99310528,1.00000000,1.00000000
Section-2,-8.18019192,-21.19703463,1.00000000,1.00000000
Section-2,-5.45584645,-22.06624076,1.00000000,1.00000000
Section-2,-2.64267115,-22.58665882,1.00000000,1.00000000
Section-2,0.21484729,-22.74973702,1.00000000,1.00000000
Section-2,3.07148046,-22.55257699,1.00000000,1.00000000
Section-2,5.88197414,-21.99798467,1.00000000,1.00000000
Section-2,8.60176519,-21.09443087,1.00000000,1.00000000
Section-2,11.18768812,-19.85592210,1.00000000,1.00000000
Section-2,13.59866020,-18.30178350,1.00000000,1.00000000
Section-2,15.79633410,-16.45635740,1.00000000,1.00000000
Section-2,17.74570784,-14.34862206,1.00000000,1.00000000
Section-2,19.41568221,-12.01173672,1.00000000,1.00000000
Section-2,20.77955691,-9.48251987,1.00000000,1.00000000
Section-2,21.81545736,-6.80086928,1.00000000,1.00000000
Section-2,22.50668555,-4.00913253,1.00000000,1.00000000
Section-2,22.84198906,-1.15143833,1.00000000,1.00000000
Section-2,22.81574410,1.72700099,1.00000000,1.00000000
Section-2,22.42804958,4.58060487,1.00000000,1.00000000
Section-2,21.68473052,7.36414622,1.00000000,1.00000000
Section-2,20.59725081,10.03346829,1.00000000,1.00000000
Section-2,19.18253650,12.54618509,1.00000000,1.00000000
Section-2,17.46271246,14.86235450,1.00000000,1.00000000
Section-2,15.46475643,16.94511311,1.00000000,1.00000000
Section-2,13.22007583,18.76126294,1.00000000,1.00000000
Section-2,10.76401413,20.28180059,1.00000000,1.00000000
Section-2,8.13529432,21.48238036,1.00000000,1.00000000
Section-2,5.37540842,22.34370401,1.00000000,1.00000000
Section-2,2.52796257,22.85183090,1.00000000,1.00000000
Section-2,-0.36201194,22.99840351,1.00000000,1.00000000
Section-2,-3.24877080,22.78078472,1.00000000,1.00000000
Section-2,-6.08658082,22.20210455,1.00000000,1.00000000
Section-2,-8.83044435,21.27121562,1.00000000,1.00000000
Section-2,-11.43681289,20.00255788,1.00000000,1.00000000
Section-2,-13.86427816,18.41593475,1.00000000,1.00000000
Section-2,-16.07423003,16.53620397,1.00000000,1.00000000
Section-2,-18.03147059,14.39288829,1.00000000,1.00000000
Section-2,-19.70477472,12.01971178,1.00000000,1.00000000
Section-2,-21.06738824,9.45406920,1.00000000,1.00000000
Section-2,-22.09745563,6.73643682,1.00000000,1.00000000
Section-2,-22.77837051,3.90973382,1.00000000,1.00000000
Section-2,-23.09904330,1.01864451,1.00000000,1.00000000
Section-2,-23.05408165,-1.89108805,1.00000000,1.00000000
Section-2,-22.64388087,-4.77338579,1.00000000,1.00000000
Section-2,-21.87462260,-7.58256535,1.00000000,1.00000000
Section-2,-20.75818198,-10.27406207,1.00000000,1.00000000
Section-2,-19.31194439,-12.80513704,1.00000000,1.00000000
Section-2,-17.55853483,-15.13555570,1.00000000,1.00000000
Section-2,-15.52546400,-17.22822745,1.00000000,1.00000000
Section-2,-13.24469674,-19.04979591,1.00000000,1.00000000
Section-2,-10.75214945,-20.57117065,1.00000000,1.00000000
Section-2,-8.08712452,-21.76799166,1.00000000,1.00000000
Section-2,-5.29169065,-22.62101940,1.00000000,1.00000000
Section-2,-2.41001874,-23.11644402,1.00000000,1.00000000
Section-2,0.51231602,-23.24610878,1.00000000,1.00000000
Section-2,3.42905496,-23.00764418,1.00000000,1.00000000
Section-2,6.29398818,-22.40451047,1.00000000,1.00000000
Section-2,9.06168664,-21.44594789,1.00000000,1.00000000
Section-2,11.68822253,-20.14683523,1.00000000,1.00000000
Section-2,14.13186649,-18.52745896,1.00000000,1.00000000
Section-2,16.35375055,-16.61319658,1.00000000,1.00000000
Section-2,18.31848634,-14.43411889,1.00000000,1.00000000
Section-2,19.99472874,-12.02451768,1.00000000,1.00000000
Section-2,21.35567591,-9.42236610,1.00000000,1.00000000
Section-2,22.37949779,-6.66872026,1.00000000,1.00000000
Section-2,23.04968620,-3.80707144,1.00000000,1.00000000
Section-2,23.35532093,-0.88265920,1.00000000,1.00000000
Section-2,23.29124755,2.05824376,1.00000000,1.00000000
Section-2,22.85816402,4.96906387,1.00000000,1.00000000
Section-2,22.06261459,7.80366413,1.00000000,1.00000000
Section-2,20.91689123,10.51707550,1.00000000,1.00000000
Section-2,19.43884376,13.06621022,1.00000000,1.00000000
Section-2,17.65160183,15.41054606,1.00000000,1.00000000
Section-2,15.58321308,17.51277046,1.00000000,1.00000000
Section-2,13.26620293,19.33937439,1.00000000,1.00000000
Section-2,10.73706322,20.86118641,1.00000000,1.00000000
Section-2,8.03567745,22.05383861,1.00000000,1.00000000
Section-2,5.20469187,22.89815663,1.00000000,1.00000000
Section-2,2.28884221,23.38046795,1.00000000,1.00000000
Section-2,-0.66575321,23.49282315,1.00000000,1.00000000
Section-2,-3.61232291,23.23312673,1.00000000,1.00000000
Section-2,-6.50418269,22.60517530,1.00000000,1.00000000
Section-2,-9.29547520,21.61860247,1.00000000,1.00000000
Section-2,-11.94189718,20.28873120,1.00000000,1.00000000
Section-2,-14.40140259,18.63633590,1.00000000,1.00000000
Section-2,-16.63487067,16.68731798,1.00000000,1.00000000
Section-2,-18.60672815,14.47229988,1.00000000,1.00000000
Section-2,-20.28551580,12.02614394,1.00000000,1.00000000
Section-2,-21.64439035,9.38740376,1.00000000,1.00000000
Section-2,-22.66155366,6.59771655,1.00000000,1.00000000
Section-2,-23.32060228,3.70114614,1.00000000,1.00000000
Section-2,-23.61079195,0.74348698,1.00000000,1.00000000
Section-2,-23.52721261,-2.22845983,1.00000000,1.00000000
Section-2,-23.07087111,-5.16762717,1.00000000,1.00000000
Section-2,-22.24868030,-8.02742725,1.00000000,1.00000000
Section-2,-21.07335450,-10.76249008,1.00000000,1.00000000
Section-2,-19.56321305,-13.32938327,1.00000000,1.00000000
Section-2,-17.74189479,-15.68730166,1.00000000,1.00000000
Section-2,-15.63798811,-17.79871607,1.00000000,1.00000000
Section-2,-13.28458225,-19.62997053,1.00000000,1.00000000
Section-2,-10.71874690,-21.15181877,1.00000000,1.00000000
Section-2,-7.98094829,-22.33989125,1.00000000,1.00000000
Section-2,-5.11441107,-23.17508535,1.00000000,1.00000000
Section-2,-2.16443579,-23.64387247,1.00000000,1.00000000
Section-2,0.82231692,-23.73851700,1.00000000,1.00000000
Section-2,3.79856442,-23.45720380,1.00000000,1.00000000
Section-2,6.71715060,-22.80407196,1.00000000,1.00000000
Section-2,9.53179299,-21.78915422,1.00000000,1.00000000
Section-2,12.19781674,-20.42822302,1.00000000,1.00000000
Section-2,14.67286368,-18.74254549,1.00000000,1.00000000
Section-2,16.91756530,-16.75855113,1.00000000,1.00000000
Section-2,18.89616896,-14.50741750,1.00000000,1.00000000
Section-2,20.57710731,-12.02458031,1.00000000,1.00000000
Section-2,21.93350193,-9.34917559,1.00000000,1.00000000
Section-2,22.94359300,-6.52342289,1.00000000,1.00000000
Section-2,23.59108841,-3.59195895,1.00000000,1.00000000
Section-2,23.86542640,-0.60113268,1.00000000,1.00000000
Section-2,23.76194771,2.40172769,1.00000000,1.00000000
Section-2,23.28197434,5.36906356,1.00000000,1.00000000
Section-2,22.43279365,8.25383915,1.00000000,1.00000000
Section-2,21.22754787,11.01028712,1.00000000,1.00000000
Section-2,19.68503089,13.59463462,1.00000000,1.00000000
Section-2,17.82939519,15.96579843,1.00000000,1.00000000
Section-2,15.68977379,18.08603807,1.00000000,1.00000000
Section-2,13.29982281,19.92155643,1.00000000,1.00000000
Section-2,10.69719218,21.44303851,1.00000000,1.00000000
Section-2,7.92293248,22.62611956,1.00000000,1.00000000
Section-2,5.02084749,23.45177522,1.00000000,1.00000000
Section-2,2.03680254,23.90662736,1.00000000,1.00000000
Section-2,-0.98200032,23.98316073,1.00000000,1.00000000
Section-2,-3.98776897,23.67984690,1.00000000,1.00000000
Section-2,-6.93287790,23.00117352,1.00000000,1.00000000
Section-2,-9.77062274,21.95757818,1.00000000,1.00000000
Section-2,-12.45596097,20.56528810,1.00000000,1.00000000
Section-2,-14.94622681,18.84606785,1.00000000,1.00000000
Section-2,-17.20180915,16.82687918,1.00000000,1.00000000
Section-2,-19.18678158,14.53945823,1.00000000,1.00000000
Section-2,-20.86947462,12.01981678,1.00000000,1.00000000
Section-2,-22.22298093,9.30767528,1.00000000,1.00000000
Section-2,-23.22558555,6.44583673,1.00000000,1.00000000
Section-2,-23.86111424,3.47951115,1.00000000,1.00000000
Section-2,-24.11919432,0.45560137,1.00000000,1.00000000
Section-2,-23.99542377,-2.57803854,1.00000000,1.00000000
Section-2,-23.49144597,-5.57336064,1.00000000,1.00000000
Section-2,-22.61492868,-8.48288406,1.00000000,1.00000000
Section-2,-21.37944758,-11.26044769,1.00000000,1.00000000
Section-2,-19.80427608,-13.86194252,1.00000000,1.00000000
Section-2,-17.91408475,-16.24601213,1.00000000,1.00000000
Section-2,-15.73855498,-18.37471011,1.00000000,1.00000000
Section-2,-13.31191291,-20.21410404,1.00000000,1.00000000
Section-2,-10.67239100,-21.73481634,1.00000000,1.00000000
Section-2,-7.86162569,-22.91249347,1.00000000,1.00000000
Section-2,-4.92400061,-23.72819586,1.00000000,1.00000000
Section-2,-1.90594576,-24.16870244,1.00000000,1.00000000
Section-2,1.14479633,-24.22672481,1.00000000,1.00000000
Section-2,4.17992585,-23.90102762,1.00000000,1.00000000
Section-2,7.15135039,-23.19645312,1.00000000,1.00000000
Section-2,10.01194697,-22.12384950,1.00000000,1.00000000
Section-2,12.71630938,-20.69990398,1.00000000,1.00000000
Section-2,15.22146884,-18.94688328,1.00000000,1.00000000
Section-2,17.48757681,-16.89228549,1.00000000,1.00000000
Section-2,19.47853872,-14.56840874,1.00000000,1.00000000
Section-2,21.16258895,-12.01184357,1.00000000,1.00000000
Section-2,22.51279759,-9.26289674,1.00000000,1.00000000
Section-2,23.50750102,-6.36495579,1.00000000,1.00000000
Section-2,24.13064945,-3.36380427,1.00000000,1.00000000
Section-2,24.37206581,-0.30689840,1.00000000,1.00000000
Section-2,24.22761178,2.75738333,1.00000000,1.00000000
Section-2,23.69925835,5.78050580,1.00000000,1.00000000
Section-2,22.79505957,8.71454599,1.00000000,1.00000000
Section-2,21.52903000,11.51295268,1.00000000,1.00000000
Section-2,19.92092758,14.13128505,1.00000000,1.00000000
Section-2,17.99594535,16.52791835,1.00000000,1.00000000
Section-2,15.78431681,18.66470570,1.00000000,1.00000000
Section-2,13.32084111,20.50758521,1.00000000,1.00000000
Section-2,10.64433554,22.02712291,1.00000000,1.00000000
Section-2,7.79702385,23.19898287,1.00000000,1.00000000
Section-2,4.82387018,24.00431688,1.00000000,1.00000000
Section-2,1.77186903,24.43006751,1.00000000,1.00000000
Section-2,-1.31069763,24.46917974,1.00000000,1.00000000
Section-2,-4.37502407,24.12071760,1.00000000,1.00000000
Section-2,-7.37255360,23.38988403,1.00000000,1.00000000
Section-2,-10.25574798,22.28794347,1.00000000,1.00000000
Section-2,-12.97884131,20.83204837,1.00000000,1.00000000
Section-2,-15.49856650,19.04497226,1.00000000,1.00000000
Section-2,-17.77484271,16.95475362,1.00000000,1.00000000
Section-2,-19.77141293,14.59425596,1.00000000,1.00000000
Section-2,-21.45642145,12.00065115,1.00000000,1.00000000
Section-2,-22.80292209,9.21483412,1.00000000,1.00000000
Section-2,-23.78930907,6.28077801,1.00000000,1.00000000
Section-2,-24.39966367,3.24484009,1.00000000,1.00000000
Section-2,-24.62401098,0.15502933,1.00000000,1.00000000
Section-2,-24.45848282,-2.93975278,1.00000000,1.00000000
Section-2,-23.90538395,-5.99048618,1.00000000,1.00000000
Section-2,-22.97316060,-8.94880871,1.00000000,1.00000000
Section-2,-21.67627167,-11.76778279,1.00000000,1.00000000
Section-2,-20.03496454,-14.40264009,1.00000000,1.00000000
Section-2,-18.07495907,-16.81149254,1.00000000,1.00000000
Section-2,-15.82704457,-18.95599824,1.00000000,1.00000000
Section-2,-13.32659619,-20.80197169,1.00000000,1.00000000
Section-2,-10.61301820,-22.31992877,1.00000000,1.00000000
Section-2,-7.72912313,-23.48555761,1.00000000,1.00000000
Section-2,-4.72045620,-24.28010789,1.00000000,1.00000000
Section-2,-1.63457615,-24.69069243,1.00000000,1.00000000
Section-2,1.47969663,-24.71049608,1.00000000,1.00000000
Section-2,4.57305241,-24.33888860,1.00000000,1.00000000
Section-2,7.59647287,-23.58143963,1.00000000,1.00000000
Section-2,10.50200787,-22.44983553,1.00000000,1.00000000
Section-2,13.24353592,-20.96169914,1.00000000,1.00000000
Section-2,15.77749630,-19.14031547,1.00000000,1.00000000
Section-2,18.06358114,-17.01426736,1.00000000,1.00000000
Section-2,20.06537668,-14.61698700,1.00000000,1.00000000
Section-2,21.75094317,-11.98623021,1.00000000,1.00000000
Section-2,23.09332454,-9.16348184,1.00000000,1.00000000
Section-2,24.07097937,-6.19330160,1.00000000,1.00000000
Section-2,24.66812658,-3.12262064,1.00000000,1.00000000
Section-2,24.87500000,-0.00000000,1.00000000,1.00000000
