mm
vol_res_cm=0.010000,coil_res_cm=0.005000,margin_cm=1.000000,box=auto

Section-1,17.37500000,0.00000000,0.00000000,1.00000000
Section-1,17.24756152,2.18181368,0.00000000,1.00000000
Section-1,16.84707742,4.33162052,0.00000000,1.00000000
Section-1,16.17957001,6.41536699,0.00000000,1.00000000
Section-1,15.25529381,8.40000570,0.00000000,1.00000000
Section-1,14.08857824,10.25401944,0.00000000,1.00000000
Section-1,12.69760545,11.94792175,0.00000000,1.00000000
Section-1,11.10412714,13.45472580,0.00000000,1.00000000
Section-1,9.33312436,14.75037435,0.00000000,1.00000000
Section-1,7.41241597,15.81412380,0.00000000,1.00000000
Section-1,5.37222166,16.62887626,0.00000000,1.00000000
Section-1,3.24468649,17.18145426,0.00000000,1.00000000
Section-1,1.06337443,17.46281380,0.00000000,1.00000000
Section-1,-1.13726112,17.46819220,0.00000000,1.00000000
Section-1,-3.32242157,17.19718836,0.00000000,1.00000000
Section-1,-5.45751333,16.65377413,0.00000000,1.00000000
Section-1,-7.50869555,15.84623639,0.00000000,1.00000000
Section-1,-9.44341642,14.78705095,0.00000000,1.00000000
Section-1,-11.23092980,13.49268982,0.00000000,1.00000000
Section-1,-12.84278379,11.98336518,0.00000000,1.00000000
Section-1,-14.25327359,10.28271379,0.00000000,1.00000000
Section-1,-15.43985140,8.41742685,0.00000000,1.00000000
Section-1,-16.38348681,6.41683110,0.00000000,1.00000000
Section-1,-17.06897196,4.31242780,0.00000000,1.00000000
Section-1,-17.48516655,2.13739669,0.00000000,1.00000000
Section-1,-17.62517874,-0.07392718,0.00000000,1.00000000
Section-1,-17.48647906,-2.28659538,0.00000000,1.00000000
Section-1,-17.07094539,-4.46559850,0.00000000,1.00000000
Section-1,-16.38483824,-6.57642007,0.00000000,1.00000000
Section-1,-15.43870668,-8.58558329,0.00000000,1.00000000
Section-1,-14.24722626,-10.46118195,0.00000000,1.00000000
Section-1,-12.82897148,-12.17338716,0.00000000,1.00000000
Section-1,-11.20612625,-13.69492167,0.00000000,1.00000000
Section-1,-9.40413699,-15.00149439,0.00000000,1.00000000
Section-1,-7.45131360,-16.07218821,0.00000000,1.00000000
Section-1,-5.37838476,-16.88979479,0.00000000,1.00000000
Section-1,-3.21801438,-17.44109105,0.00000000,1.00000000
Section-1,-1.00428693,-17.71705294,0.00000000,1.00000000
Section-1,1.22783029,-17.71300296,0.00000000,1.00000000
Section-1,3.44303956,-17.42868911,0.00000000,1.00000000
Section-1,5.60627083,-16.86829387,0.00000000,1.00000000
Section-1,7.68323700,-16.04037298,0.00000000,1.00000000
Section-1,9.64097732,-14.95772505,0.00000000,1.00000000
Section-1,11.44838048,-13.63719375,0.00000000,1.00000000
Section-1,13.07667902,-12.09940586,0.00000000,1.00000000
Section-1,14.49990713,-10.36844912,0.00000000,1.00000000
Section-1,15.69531475,-8.47149497,0.00000000,1.00000000
Section-1,16.64373115,-6.43837204,0.00000000,1.00000000
Section-1,17.32987230,-4.30109711,0.00000000,1.00000000
Section-1,17.74258713,-2.09337096,0.00000000,1.00000000
Section-1,17.87503859,0.14995302,0.00000000,1.00000000
Section-1,17.72481669,2.39341910,0.00000000,1.00000000
Section-1,17.29398158,4.60152955,0.00000000,1.00000000
Section-1,16.58903600,6.73930632,0.00000000,1.00000000
Section-1,15.62082732,8.77284511,0.00000000,1.00000000
Section-1,14.40438077,10.66985311,0.00000000,1.00000000
Section-1,12.95866633,12.40016174,0.00000000,1.00000000
Section-1,11.30630299,13.93620648,0.00000000,1.00000000
Section-1,9.47320490,15.25346590,0.00000000,1.00000000
Section-1,7.48817495,16.33085314,0.00000000,1.00000000
Section-1,5.38245225,17.15105337,0.00000000,1.00000000
Section-1,3.18922052,17.70080204,0.00000000,1.00000000
Section-1,0.94308515,17.97109923,0.00000000,1.00000000
Section-1,-1.32047282,17.95735688,0.00000000,1.00000000
Section-1,-3.56565714,17.65947625,0.00000000,1.00000000
Section-1,-5.75692250,17.08185453,0.00000000,1.00000000
Section-1,-7.85953720,16.23332020,0.00000000,1.00000000
Section-1,-9.84013370,15.12699832,0.00000000,1.00000000
Section-1,-11.66723812,13.78010755,0.00000000,1.00000000
Section-1,-13.31177039,12.21369228,0.00000000,1.00000000
Section-1,-14.74750705,10.45229384,0.00000000,1.00000000
Section-1,-15.95149942,8.52356608,0.00000000,1.00000000
Section-1,-16.90444032,6.45784115,0.00000000,1.00000000
Section-1,-17.59097361,4.28765259,0.00000000,1.00000000
Section-1,-17.99994164,2.04722289,0.00000000,1.00000000
Section-1,-18.12456636,-0.22807614,0.00000000,1.00000000
Section-1,-17.96256147,-2.50228182,0.00000000,1.00000000
Section-1,-17.51617355,-4.73940902,0.00000000,1.00000000
Section-1,-16.79215152,-6.90401957,0.00000000,1.00000000
Section-1,-15.80164484,-8.96178359,0.00000000,1.00000000
Section-1,-14.56003189,-10.88002402,0.00000000,1.00000000
Section-1,-13.08668134,-12.62823542,0.00000000,1.00000000
Section-1,-11.40465003,-14.17856916,0.00000000,1.00000000
Section-1,-9.54032220,-15.50627699,0.00000000,1.00000000
Section-1,-7.52299567,-16.59010604,0.00000000,1.00000000
Section-1,-5.38442142,-17.41263901,0.00000000,1.00000000
Section-1,-3.15830385,-17.96057398,0.00000000,1.00000000
Section-1,-0.87976968,-18.22493941,0.00000000,1.00000000
Section-1,1.41518644,-18.20124087,0.00000000,1.00000000
Section-1,3.69027044,-17.88953709,0.00000000,1.00000000
Section-1,5.90946290,-17.29444400,0.00000000,1.00000000
Section-1,8.03758924,-16.42506671,0.00000000,1.00000000
Section-1,10.04087728,-15.29486036,0.00000000,1.00000000
Section-1,11.88749319,-13.92142196,0.00000000,1.00000000
Section-1,13.54804729,-12.32621646,0.00000000,1.00000000
Section-1,14.99606183,-10.53424138,0.00000000,1.00000000
Section-1,16.20839315,-8.57363508,0.00000000,1.00000000
Section-1,17.16560150,-6.47523494,0.00000000,1.00000000
Section-1,17.85226275,-4.27209238,0.00000000,1.00000000
Section-1,18.25721679,-1.99895226,0.00000000,1.00000000
Section-1,18.37374884,0.30829507,0.00000000,1.00000000
Section-1,18.19970049,2.61318041,0.00000000,1.00000000
Section-1,17.73750888,4.87923221,0.00000000,1.00000000
Section-1,16.99417308,7.07055359,0.00000000,1.00000000
Section-1,15.98114839,9.15239107,0.00000000,1.00000000
Section-1,14.71416983,11.09168572,0.00000000,1.00000000
Section-1,13.21300791,12.85759807,0.00000000,1.00000000
Section-1,11.50116010,14.42199860,0.00000000,1.00000000
Section-1,9.60548309,15.75991570,0.00000000,1.00000000
Section-1,7.55577151,16.84993434,0.00000000,1.00000000
Section-1,5.38428960,17.67453870,0.00000000,1.00000000
Section-1,3.12526337,18.22039365,0.00000000,1.00000000
Section-1,0.81434118,18.47856022,0.00000000,1.00000000
Section-1,-1.51196883,18.44464187,0.00000000,1.00000000
Section-1,-3.81687551,18.11885894,0.00000000,1.00000000
Section-1,-6.06388652,17.50605020,0.00000000,1.00000000
Section-1,-8.21738613,16.61560123,0.00000000,1.00000000
Section-1,-10.24319972,15.46130087,0.00000000,1.00000000
Section-1,-12.10913610,14.06112779,0.00000000,1.00000000
Section-1,-13.78549906,12.43697049,0.00000000,1.00000000
Section-1,-15.24555989,10.61428521,0.00000000,1.00000000
Section-1,-16.46598363,8.62169695,0.00000000,1.00000000
Section-1,-17.42720187,6.49054997,0.00000000,1.00000000
Section-1,-18.11372654,4.25441470,0.00000000,1.00000000
Section-1,-18.51439930,1.94855896,0.00000000,1.00000000
Section-1,-18.62257284,-0.39060826,0.00000000,1.00000000
Section-1,-18.43622087,-2.72611170,0.00000000,1.00000000
Section-1,-17.95797518,-5.02099433,0.00000000,1.00000000
Section-1,-17.19508899,-7.23890208,0.00000000,1.00000000
Section-1,-16.15932715,-9.34465983,0.00000000,1.00000000
Section-1,-14.86678483,-11.30482920,0.00000000,1.00000000
Section-1,-13.33763749,-13.08823954,0.00000000,1.00000000
Section-1,-11.59582599,-14.66648363,0.00000000,1.00000000
Section-1,-9.66868182,-16.01437008,0.00000000,1.00000000
Section-1,-7.58649827,-17.11032543,0.00000000,1.00000000
Section-1,-5.38205422,-17.93673941,0.00000000,1.00000000
Section-1,-3.09009815,-18.48024778,0.00000000,1.00000000
Section-1,-0.74680041,-18.73194839,0.00000000,1.00000000
Section-1,1.61081759,-18.68754681,0.00000000,1.00000000
Section-1,3.94546830,-18.34742916,0.00000000,1.00000000
Section-1,6.22018776,-17.71666107,0.00000000,1.00000000
Section-1,8.39892081,-16.80491249,0.00000000,1.00000000
Section-1,10.44709259,-15.62630956,0.00000000,1.00000000
Section-1,12.33215724,-14.19921589,0.00000000,1.00000000
Section-1,14.02411499,-12.54594649,0.00000000,1.00000000
Section-1,15.49598963,-10.69241887,0.00000000,1.00000000
Section-1,16.72425854,-8.66774677,0.00000000,1.00000000
Section-1,17.68922859,-6.50378289,0.00000000,1.00000000
Section-1,18.37535182,-4.23461782,0.00000000,1.00000000
Section-1,18.77147589,-1.89604293,0.00000000,1.00000000
Section-1,18.87102518,0.47501410,0.00000000,1.00000000
Section-1,18.67210973,2.84107243,0.00000000,1.00000000
Section-1,18.17756009,5.16469054,0.00000000,1.00000000
Section-1,17.39488758,7.40905869,0.00000000,1.00000000
Section-1,16.33617036,9.53858210,0.00000000,1.00000000
Section-1,15.01786719,11.51944539,0.00000000,1.00000000
Section-1,13.46056159,13.32014961,0.00000000,1.00000000
Section-1,11.68864057,14.91201305,0.00000000,1.00000000
Section-1,9.72991271,16.26962810,0.00000000,1.00000000
Section-1,7.61517182,17.37126670,0.00000000,1.00000000
Section-1,5.37771276,18.19922809,0.00000000,1.00000000
Section-1,3.05280733,18.74012313,0.00000000,1.00000000
Section-1,0.67714819,18.98509068,0.00000000,1.00000000
Section-1,-1.71173023,18.92994263,0.00000000,1.00000000
Section-1,-4.07604474,18.57523510,0.00000000,1.00000000
Section-1,-6.37836099,17.92626460,0.00000000,1.00000000
Section-1,-8.58218617,16.99298928,0.00000000,1.00000000
Section-1,-10.65254744,15.78987618,0.00000000,1.00000000
Section-1,-12.55654690,14.33567718,0.00000000,1.00000000
Section-1,-14.26388434,12.65313668,0.00000000,1.00000000
Section-1,-15.74733940,10.76863598,0.00000000,1.00000000
Section-1,-16.98320552,8.71177963,0.00000000,1.00000000
Section-1,-17.95166877,6.51493040,0.00000000,1.00000000
Section-1,-18.63712542,4.21270008,0.00000000,1.00000000
Section-1,-19.02843328,1.84140419,0.00000000,1.00000000
Section-1,-19.11909269,-0.56151090,0.00000000,1.00000000
Section-1,-18.90735420,-2.95805926,0.00000000,1.00000000
Section-1,-18.39625126,-5.31031591,0.00000000,1.00000000
Section-1,-17.59355723,-7.58101699,0.00000000,1.00000000
Section-1,-16.51166730,-9.73415004,0.00000000,1.00000000
Section-1,-15.16740724,-11.73552519,0.00000000,1.00000000
Section-1,-13.58177177,-13.55331803,0.00000000,1.00000000
Section-1,-11.77959675,-15.15857564,0.00000000,1.00000000
Section-1,-9.78917015,-16.52567773,0.00000000,1.00000000
Section-1,-7.64178809,-17.63274548,0.00000000,1.00000000
Section-1,-5.37126279,-18.46199169,0.00000000,1.00000000
Section-1,-3.01339014,-19.00000642,0.00000000,1.00000000
Section-1,-0.60538540,-19.23797381,0.00000000,1.00000000
Section-1,1.81470422,-19.17181631,0.00000000,1.00000000
Section-1,4.20860065,-18.80226415,0.00000000,1.00000000
Section-1,6.53840048,-18.13484880,0.00000000,1.00000000
Section-1,8.76717504,-17.17982041,0.00000000,1.00000000
Section-1,10.85955574,-15.95199057,0.00000000,1.00000000
Section-1,12.78229536,-14.47050261,0.00000000,1.00000000
Section-1,14.50479631,-12.75853330,0.00000000,1.00000000
Section-1,15.99959751,-10.84293020,0.00000000,1.00000000
Section-1,17.24281219,-8.75379073,0.00000000,1.00000000
Section-1,18.21450952,-6.52398929,0.00000000,1.00000000
Section-1,18.89903412,-4.18865993,0.00000000,1.00000000
Section-1,19.28525817,-1.78464283,0.00000000,1.00000000
Section-1,19.36676218,0.65009691,0.00000000,1.00000000
Section-1,19.14194144,3.07706880,0.00000000,1.00000000
Section-1,18.61403639,5.45786548,0.00000000,1.00000000
Section-1,17.79108634,7.75477047,0.00000000,1.00000000
Section-1,16.68580726,9.93135575,0.00000000,1.00000000
Section-1,15.31539537,11.95305940,0.00000000,1.00000000
Section-1,13.70125966,13.78773447,0.00000000,1.00000000
Section-1,11.86868752,15.40616010,0.00000000,1.00000000
Section-1,9.84644858,16.78250689,0.00000000,1.00000000
Section-1,7.66634311,17.89474911,0.00000000,1.00000000
Section-1,5.36270195,18.72501712,0.00000000,1.00000000
Section-1,2.97184588,19.25988440,0.00000000,1.00000000
Section-1,0.53151301,19.49058454,0.00000000,1.00000000
Section-1,-1.91973692,19.41315481,0.00000000,1.00000000
Section-1,-4.34313180,19.02850371,0.00000000,1.00000000
Section-1,-6.70030046,18.34240169,0.00000000,1.00000000
Section-1,-8.95388017,17.36539476,0.00000000,1.00000000
Section-1,-11.06810890,16.11264255,0.00000000,1.00000000
Section-1,-13.00939283,14.60368321,0.00000000,1.00000000
Section-1,-14.74684006,12.86212867,0.00000000,1.00000000
Section-1,-16.25275226,10.91529528,0.00000000,1.00000000
Section-1,-17.50306613,8.79377534,0.00000000,1.00000000
Section-1,-18.47773795,6.53095640,0.00000000,1.00000000
Section-1,-19.16106475,4.16249585,0.00000000,1.00000000
Section-1,-19.54193729,1.72575902,0.00000000,1.00000000
Section-1,-19.61402051,-0.74077028,0.00000000,1.00000000
Section-1,-19.37585863,-3.19809758,0.00000000,1.00000000
Section-1,-18.83090317,-5.60733417,0.00000000,1.00000000
Section-1,-17.98746337,-7.93031259,0.00000000,1.00000000
Section-1,-16.85857963,-10.13019127,0.00000000,1.00000000
Section-1,-15.46182203,-12.17203879,0.00000000,1.00000000
Section-1,-13.81901693,-14.02338858,0.00000000,1.00000000
Section-1,-11.95590591,-15.65475511,0.00000000,1.00000000
Section-1,-9.90174253,-17.04010348,0.00000000,1.00000000
Section-1,-7.68883296,-18.15726489,0.00000000,1.00000000
Section-1,-5.35202793,-18.98829131,0.00000000,1.00000000
Section-1,-2.92817391,-19.51974378,0.00000000,1.00000000
Section-1,-0.45553207,-19.74290963,0.00000000,1.00000000
Section-1,2.02682563,-19.65394512,0.00000000,1.00000000
Section-1,4.47963387,-19.25394122,0.00000000,1.00000000
Section-1,6.86405505,-18.54891136,0.00000000,1.00000000
Section-1,9.14229425,-17.54970121,0.00000000,1.00000000
Section-1,11.27819829,-16.27182206,0.00000000,1.00000000
Section-1,13.23782946,-14.73521003,0.00000000,1.00000000
Section-1,14.99000471,-12.96391516,0.00000000,1.00000000
Section-1,16.50679188,-10.98572501,0.00000000,1.00000000
Section-1,17.76395491,-8.83172876,0.00000000,1.00000000
Section-1,18.74134111,-6.53582866,0.00000000,1.00000000
Section-1,19.42320407,-4.13420642,0.00000000,1.00000000
Section-1,19.79845734,-1.66475301,0.00000000,1.00000000
Section-1,19.86085452,0.83352911,0.00000000,1.00000000
Section-1,19.60909295,3.32114204,0.00000000,1.00000000
Section-1,19.04683935,5.75871686,0.00000000,1.00000000
Section-1,18.18267678,8.10763672,0.00000000,1.00000000
Section-1,17.02997379,10.33064859,0.00000000,1.00000000
Section-1,15.60667771,12.39245408,0.00000000,1.00000000
Section-1,13.93503530,14.26026995,0.00000000,1.00000000
Section-1,12.04124504,15.90434931,0.00000000,1.00000000
Section-1,9.95504659,17.29845537,0.00000000,1.00000000
Section-1,7.70925378,18.42028009,0.00000000,1.00000000
Section-1,5.33923853,19.25180114,0.00000000,1.00000000
Section-1,2.88237367,19.77957129,0.00000000,1.00000000
Section-1,0.37744368,19.99493582,0.00000000,1.00000000
Section-1,-2.13596760,19.89417424,0.00000000,1.00000000
Section-1,-4.61810249,19.47856413,0.00000000,1.00000000
Section-1,-7.02965835,18.75436589,0.00000000,1.00000000
Section-1,-9.33240992,17.73272870,0.00000000,1.00000000
Section-1,-11.48981521,16.42951902,0.00000000,1.00000000
Section-1,-13.46759536,14.86507419,0.00000000,1.00000000
Section-1,-15.23427932,13.06388520,0.00000000,1.00000000
Section-1,-16.76170458,11.05421325,0.00000000,1.00000000
Section-1,-18.02546606,8.86764641,0.00000000,1.00000000
Section-1,-19.00530606,6.53860308,0.00000000,1.00000000
Section-1,-19.68543887,4.10379028,0.00000000,1.00000000
Section-1,-20.05480504,1.60162511,0.00000000,1.00000000
Section-1,-20.10725106,-0.92837142,0.00000000,1.00000000
Section-1,-19.84163162,-3.44619857,0.00000000,1.00000000
Section-1,-19.26183270,-5.91200836,0.00000000,1.00000000
Section-1,-18.37671510,-8.28673616,0.00000000,1.00000000
Section-1,-17.19997919,-10.53271962,0.00000000,1.00000000
Section-1,-15.74995296,-12.61429594,0.00000000,1.00000000
Section-1,-14.04930658,-14.49836814,0.00000000,1.00000000
Section-1,-12.12469806,-16.15493130,0.00000000,1.00000000
Section-1,-10.00635540,-17.55755037,0.00000000,1.00000000
Section-1,-7.72760181,-18.68378198,0.00000000,1.00000000
Section-1,-5.32433159,-19.51553350,0.00000000,1.00000000
Section-1,-2.83444469,-20.03935365,0.00000000,1.00000000
Section-1,-0.29724905,-20.24664988,0.00000000,1.00000000
Section-1,2.24715997,-20.13382919,0.00000000,1.00000000
Section-1,4.75853321,-19.70235990,0.00000000,1.00000000
Section-1,7.19710437,-18.95875342,0.00000000,1.00000000
Section-1,9.52421975,-17.91446622,0.00000000,1.00000000
Section-1,11.70295089,-16.58572344,0.00000000,1.00000000
Section-1,13.69868059,-14.99326688,0.00000000,1.00000000
Section-1,15.47965293,-13.16203129,0.00000000,1.00000000
Section-1,17.01747853,-11.12075395,0.00000000,1.00000000
Section-1,18.28758708,-8.90152373,0.00000000,1.00000000
Section-1,19.26961983,-6.53927671,0.00000000,1.00000000
Section-1,19.94775591,-4.07124616,0.00000000,1.00000000
Section-1,20.31096709,-1.53637571,0.00000000,1.00000000
Section-1,20.35319701,1.02529514,0.00000000,1.00000000
Section-1,20.07346187,3.57326348,0.00000000,1.00000000
Section-1,19.47587100,6.06720340,0.00000000,1.00000000
Section-1,18.56956686,8.46760417,0.00000000,1.00000000
Section-1,17.36858532,10.73639623,0.00000000,1.00000000
Section-1,15.89163835,12.83755495,0.00000000,1.00000000
Section-1,14.16182260,14.73767263,0.00000000,1.00000000
Section-1,12.20625821,16.40648963,0.00000000,1.00000000
Section-1,10.05566368,17.81737629,0.00000000,1.00000000
Section-1,7.74387333,18.94775777,0.00000000,1.00000000
Section-1,5.30730504,19.77947525,0.00000000,1.00000000
Section-1,2.78438656,20.29907755,0.00000000,1.00000000
Section-1,0.21494942,20.49803857,0.00000000,1.00000000
Section-1,-2.36039984,20.37289699,0.00000000,1.00000000
Section-1,-4.90092150,19.92531604,0.00000000,1.00000000
Section-1,-7.36638705,19.16206212,0.00000000,1.00000000
Section-1,-9.71771625,18.09490277,0.00000000,1.00000000
Section-1,-11.91759653,16.74042536,0.00000000,1.00000000
Section-1,-13.93107516,15.11977933,0.00000000,1.00000000
Section-1,-15.72611452,13.25834599,0.00000000,1.00000000
Section-1,-17.27410188,11.18534109,0.00000000,1.00000000
Section-1,-18.55030544,8.93335627,0.00000000,1.00000000
Section-1,-19.53426944,6.53784670,0.00000000,1.00000000
Section-1,-20.21014196,4.03657284,0.00000000,1.00000000
Section-1,-20.56693022,1.46900528,0.00000000,1.00000000
Section-1,-20.59867923,-1.12429815,0.00000000,1.00000000
Section-1,-20.30457093,-3.70233302,0.00000000,1.00000000
Section-1,-19.68894207,-6.22429665,0.00000000,1.00000000
Section-1,-18.76122067,-8.65023392,0.00000000,1.00000000
Section-1,-17.53578171,-10.94167022,0.00000000,1.00000000
Section-1,-16.03172455,-13.06222168,0.00000000,1.00000000
Section-1,-14.27257528,-14.97817288,0.00000000,1.00000000
Section-1,-12.28591879,-16.65901283,0.00000000,1.00000000
Section-1,-10.10296623,-18.07792090,0.00000000,1.00000000
Section-1,-7.75806471,-19.21219469,0.00000000,1.00000000
Section-1,-5.28815689,-20.04361325,0.00000000,1.00000000
Section-1,-2.73219893,-20.55872972,0.00000000,1.00000000
Section-1,-0.13054615,-20.74908866,0.00000000,1.00000000
Section-1,2.47568421,-20.61136469,0.00000000,1.00000000
Section-1,5.04526278,-20.14742006,0.00000000,1.00000000
Section-1,7.53750028,-19.36428017,0.00000000,1.00000000
Section-1,9.91289185,-18.27402742,0.00000000,1.00000000
Section-1,12.13374326,-16.89361488,0.00000000,1.00000000
Section-1,14.16476903,-15.24460281,0.00000000,1.00000000
Section-1,15.97365304,-13.35282190,0.00000000,1.00000000
Section-1,17.53156272,-11.24796873,0.00000000,1.00000000
Section-1,18.81360860,-8.96313963,0.00000000,1.00000000
Section-1,19.79924188,-6.53431026,0.00000000,1.00000000
Section-1,20.47258376,-3.99976920,0.00000000,1.00000000
Section-1,20.82268112,-1.39951436,0.00000000,1.00000000
Section-1,20.84368462,1.22537824,0.00000000,1.00000000
Section-1,20.53494608,3.83340334,0.00000000,1.00000000
Section-1,19.90103377,6.38328272,0.00000000,1.00000000
Section-1,18.95166513,8.83461853,0.00000000,1.00000000
Section-1,17.70155793,11.14853333,0.00000000,1.00000000
Section-1,16.17020224,13.28828663,0.00000000,1.00000000
Section-1,14.38155657,15.21985829,0.00000000,1.00000000
Section-1,12.36367314,16.91248937,0.00000000,1.00000000
Section-1,10.14825790,18.33917193,0.00000000,1.00000000
Section-1,7.77017239,19.47707991,0.00000000,1.00000000
Section-1,5.26688519,20.30793434,0.00000000,1.00000000
Section-1,2.67788156,20.81829685,0.00000000,1.00000000
Section-1,0.04404064,20.99978693,0.00000000,1.00000000
Section-1,-2.59301003,20.84921935,0.00000000,1.00000000
Section-1,-5.19155238,20.36865952,0.00000000,1.00000000
Section-1,-7.71043785,19.56539582,0.00000000,1.00000000
Section-1,-10.10973895,18.45182926,0.00000000,1.00000000
Section-1,-12.35138216,17.04528214,0.00000000,1.00000000
Section-1,-14.39975209,15.36772867,0.00000000,1.00000000
Section-1,-16.22225737,13.44545170,0.00000000,1.00000000
Section-1,-17.78984912,11.30863101,0.00000000,1.00000000
Section-1,-19.07748398,8.99086947,0.00000000,1.00000000
Section-1,-20.06452414,6.52866467,0.00000000,1.00000000
Section-1,-20.73506805,3.96083417,0.00000000,1.00000000
Section-1,-21.07820652,1.32790356,0.00000000,1.00000000
Section-1,-21.08820006,-1.32853314,0.00000000,1.00000000
Section-1,-20.76457460,-3.96647054,0.00000000,1.00000000
Section-1,-20.11213396,-6.54415612,0.00000000,1.00000000
Section-1,-19.14088890,-9.02075105,0.00000000,1.00000000
Section-1,-17.86590361,-11.35697724,0.00000000,1.00000000
Section-1,-16.30706216,-13.51574023,0.00000000,1.00000000
Section-1,-14.48875850,-15.46271823,0.00000000,1.00000000
Section-1,-12.43951469,-17.16690770,0.00000000,1.00000000
Section-1,-10.19153360,-18.60111709,0.00000000,1.00000000
Section-1,-7.78019287,-19.74240061,0.00000000,1.00000000
Section-1,-5.24348810,-20.57242535,0.00000000,1.00000000
Section-1,-2.62143425,-21.07776565,0.00000000,1.00000000
Section-1,0.04456563,-21.25012016,0.00000000,1.00000000
Section-1,2.71237415,-21.08644802,0.00000000,1.00000000
Section-1,5.33978557,-20.58902196,0.00000000,1.00000000
Section-1,7.88519352,-19.76539730,0.00000000,1.00000000
Section-1,10.30824986,-18.62829743,0.00000000,1.00000000
Section-1,12.57050423,-17.19541732,0.00000000,1.00000000
Section-1,14.63601422,-15.48914829,0.00000000,1.00000000
Section-1,16.47191639,-13.53622812,0.00000000,1.00000000
Section-1,18.04894912,-11.36732210,0.00000000,1.00000000
Section-1,19.34191898,-9.01654154,0.00000000,1.00000000
Section-1,20.33010318,-6.52090729,0.00000000,1.00000000
Section-1,20.99758158,-3.91976677,0.00000000,1.00000000
Section-1,21.33349313,-1.25417357,0.00000000,1.00000000
Section-1,21.33221247,1.43376050,0.00000000,1.00000000
Section-1,20.99344379,4.10153066,0.00000000,1.00000000
Section-1,20.32223056,6.70691132,0.00000000,1.00000000
Section-1,19.32888069,9.20862447,0.00000000,1.00000000
Section-1,18.02880841,11.56699357,0.00000000,1.00000000
Section-1,16.44229513,13.74457289,0.00000000,1.00000000
Section-1,14.59417313,15.70674201,0.00000000,1.00000000
Section-1,12.51343691,17.42225622,0.00000000,1.00000000
Section-1,10.23278834,18.86374405,0.00000000,1.00000000
Section-1,7.78812272,20.00814393,0.00000000,1.00000000
Section-1,5.21796384,20.83707310,0.00000000,1.00000000
Section-1,2.56285689,21.33712281,0.00000000,1.00000000
Section-1,-0.13527110,21.50007513,0.00000000,1.00000000
Section-1,-2.83377339,21.32303782,0.00000000,1.00000000
Section-1,-5.48995756,20.80849500,0.00000000,1.00000000
Section-1,-8.06176097,19.96427293,0.00000000,1.00000000
Section-1,-10.50841684,18.80342110,0.00000000,1.00000000
Section-1,-12.79110044,17.34401066,0.00000000,1.00000000
Section-1,-14.87354521,15.60885314,0.00000000,1.00000000
Section-1,-16.72261889,13.62514397,0.00000000,1.00000000
Section-1,-18.30885070,11.42403628,0.00000000,1.00000000
Section-1,-19.60690098,9.04015165,0.00000000,1.00000000
Section-1,-20.59596594,6.51103555,0.00000000,1.00000000
Section-1,-21.26011105,3.87656609,0.00000000,1.00000000
Section-1,-21.58852767,1.17832514,0.00000000,1.00000000
Section-1,-21.57570876,-1.54105789,0.00000000,1.00000000
Section-1,-21.22154099,-4.23857963,0.00000000,1.00000000
Section-1,-20.53131149,-6.87154273,0.00000000,1.00000000
Section-1,-19.51562923,-9.39823171,0.00000000,1.00000000
Section-1,-18.19026205,-11.77857389,0.00000000,1.00000000
Section-1,-16.57589199,-13.97477493,0.00000000,1.00000000
Section-1,-14.69779262,-15.95191888,0.00000000,1.00000000
Section-1,-12.58543336,-17.67852328,0.00000000,1.00000000
Section-1,-10.27201716,-19.12704046,0.00000000,1.00000000
Section-1,-7.79395860,-20.27429699,0.00000000,1.00000000
Section-1,-5.19031069,-21.10186438,0.00000000,1.00000000
Section-1,-2.50214945,-21.59635502,0.00000000,1.00000000
Section-1,0.22807413,-21.74963865,0.00000000,1.00000000
Section-1,2.95720445,-21.55897583,0.00000000,1.00000000
Section-1,5.64206347,-21.02706625,0.00000000,1.00000000
Section-1,8.24013381,-20.16201103,0.00000000,1.00000000
Section-1,10.71023209,-18.97718951,0.00000000,1.00000000
Section-1,13.01316170,-17.49105245,0.00000000,1.00000000
Section-1,15.11233482,-15.72683471,0.00000000,1.00000000
Section-1,16.97435366,-13.71219210,0.00000000,1.00000000
Section-1,18.56954184,-11.47876787,0.00000000,1.00000000
Section-1,19.87241731,-9.06169567,0.00000000,1.00000000
Section-1,20.86209935,-6.49904696,0.00000000,1.00000000
Section-1,21.52264321,-3.83123128,0.00000000,1.00000000
Section-1,21.84329685,-1.10035912,0.00000000,1.00000000
Section-1,21.81867585,1.65042282,0.00000000,1.00000000
Section-1,21.44885353,4.37761335,0.00000000,1.00000000
Section-1,20.73936472,7.03804465,0.00000000,1.00000000
Section-1,19.70112328,9.58956562,0.00000000,1.00000000
Section-1,18.35025427,11.99170971,0.00000000,1.00000000
Section-1,16.70784364,14.20633666,0.00000000,1.00000000
Section-1,14.79960914,16.19823808,0.00000000,1.00000000
Section-1,12.65549764,17.93569723,0.00000000,1.00000000
Section-1,10.30921520,19.39099394,0.00000000,1.00000000
Section-1,7.79769723,20.54084689,0.00000000,1.00000000
Section-1,5.16052702,21.36678599,0.00000000,1.00000000
Section-1,2.43931195,21.85544897,0.00000000,1.00000000
Section-1,-0.32297302,21.99879750,0.00000000,1.00000000
Section-1,-3.08266399,21.79424917,0.00000000,1.00000000
Section-1,-5.79609836,21.24472334,0.00000000,1.00000000
Section-1,-8.42030559,20.35859995,0.00000000,1.00000000
Section-1,-10.91368775,19.14959192,0.00000000,1.00000000
Section-1,-13.23667886,17.63653301,0.00000000,1.00000000
Section-1,-15.35237277,15.84308456,0.00000000,1.00000000
Section-1,-17.22710943,13.79736543,0.00000000,1.00000000
Section-1,-18.83101047,11.53151125,0.00000000,1.00000000
Section-1,-20.13845530,9.08116956,0.00000000,1.00000000
Section-1,-21.12849033,6.48493907,0.00000000,1.00000000
Section-1,-21.78516475,3.78376159,0.00000000,1.00000000
Section-1,-22.09778740,1.02027642,0.00000000,1.00000000
Section-1,-22.06110071,-1.76185272,0.00000000,1.00000000
Section-1,-21.67536878,-4.51862762,0.00000000,1.00000000
Section-1,-20.94637824,-7.20641135,0.00000000,1.00000000
Section-1,-19.88535165,-9.78261902,0.00000000,1.00000000
Section-1,-18.50877488,-12.20639247,0.00000000,1.00000000
Section-1,-16.83814105,-14.43924829,0.00000000,1.00000000
Section-1,-14.89961497,-16.44568878,0.00000000,1.00000000
Section-1,-12.72362343,-18.19376634,0.00000000,1.00000000
Section-1,-10.34437765,-19.65559208,0.00000000,1.00000000
Section-1,-7.79933539,-20.80778072,0.00000000,1.00000000
Section-1,-5.12861127,-21.63182471,0.00000000,1.00000000
Section-1,-2.37434451,-22.11439137,0.00000000,1.00000000
Section-1,0.41996598,-22.24753851,0.00000000,1.00000000
Section-1,3.21014859,-22.02884500,0.00000000,1.00000000
Section-1,5.95205721,-21.46145395,0.00000000,1.00000000
Section-1,8.60226978,-20.55402810,0.00000000,1.00000000
Section-1,11.11877589,-19.32061762,0.00000000,1.00000000
Section-1,13.46164272,-17.78044275,0.00000000,1.00000000
Section-1,15.59364871,-15.95759431,0.00000000,1.00000000
Section-1,17.48087488,-13.88065694,0.00000000,1.00000000
Section-1,19.09324449,-11.58226088,0.00000000,1.00000000
Section-1,20.40500225,-9.09856934,0.00000000,1.00000000
Section-1,21.39512578,-6.46870954,0.00000000,1.00000000
Section-1,22.04766238,-3.73415632,0.00000000,1.00000000
Section-1,22.35198604,-0.93807802,0.00000000,1.00000000
Section-1,22.30297026,1.87534495,0.00000000,1.00000000
Section-1,21.90107414,4.66161818,0.00000000,1.00000000
Section-1,21.15234008,7.37663702,0.00000000,1.00000000
Section-1,20.06830320,9.97738462,0.00000000,1.00000000
Section-1,18.66581373,12.42261356,0.00000000,1.00000000
Section-1,16.96677521,14.67350001,0.00000000,1.00000000
Section-1,14.99780240,16.69426012,0.00000000,1.00000000
Section-1,12.78980447,18.45271888,0.00000000,1.00000000
Section-1,10.37749977,19.92082242,0.00000000,1.00000000
Section-1,7.79886995,21.07508554,0.00000000,1.00000000
Section-1,5.09456196,21.89696732,0.00000000,1.00000000
Section-1,2.30724732,22.37316889,0.00000000,1.00000000
Section-1,-0.51905117,22.49584849,0.00000000,1.00000000
Section-1,-3.33965475,22.26275045,0.00000000,1.00000000
Section-1,-6.10993496,21.67724578,0.00000000,1.00000000
Section-1,-8.78601981,20.74828389,0.00000000,1.00000000
Section-1,-11.32548853,19.49025597,0.00000000,1.00000000
Section-1,-13.68804400,17.92277209,0.00000000,1.00000000
Section-1,-15.83615225,16.07035564,0.00000000,1.00000000
Section-1,-17.73563867,13.96205968,0.00000000,1.00000000
Section-1,-19.35623175,11.63101128,0.00000000,1.00000000
Section-1,-20.67204543,9.11389109,0.00000000,1.00000000
Section-1,-21.66199257,6.45035610,0.00000000,1.00000000
Section-1,-22.31012281,3.68241486,0.00000000,1.00000000
Section-1,-22.60587950,0.85376498,0.00000000,1.00000000
Section-1,-22.54427149,-1.99089678,0.00000000,1.00000000
Section-1,-22.12595701,-4.80658071,0.00000000,1.00000000
Section-1,-21.35723829,-7.54871578,0.00000000,1.00000000
Section-1,-20.24996680,-10.17385510,0.00000000,1.00000000
Section-1,-18.82136072,-12.64036432,0.00000000,1.00000000
Section-1,-17.09373719,-14.90908196,0.00000000,1.00000000
Section-1,-15.09416382,-16.94394117,0.00000000,1.00000000
Section-1,-12.85403456,-18.71254304,0.00000000,1.00000000
Section-1,-10.40857690,-20.18667252,0.00000000,1.00000000
Section-1,-7.79629785,-21.34274840,0.00000000,1.00000000
Section-1,-5.05837766,-22.16220058,0.00000000,1.00000000
Section-1,-2.23802063,-22.63176822,0.00000000,1.00000000
Section-1,0.62022665,-22.74371426,0.00000000,1.00000000
Section-1,3.47117890,-22.49595270,0.00000000,1.00000000
Section-1,6.26972645,-21.89208654,0.00000000,1.00000000
Section-1,8.97154902,-20.94135581,0.00000000,1.00000000
Section-1,11.53381761,-19.65849635,0.00000000,1.00000000
Section-1,13.91587341,-18.06351151,0.00000000,1.00000000
Section-1,16.07987297,-16.18136027,0.00000000,1.00000000
Section-1,17.99138941,-14.04156674,0.00000000,1.00000000
Section-1,19.61996010,-11.67775705,0.00000000,1.00000000
Section-1,20.93957210,-9.12713099,0.00000000,1.00000000
Section-1,21.92907758,-6.42987652,0.00000000,1.00000000
Section-1,22.57253273,-3.62853666,0.00000000,1.00000000
Section-1,22.85945452,-0.76733842,0.00000000,1.00000000
Section-1,22.78499137,2.10850542,0.00000000,1.00000000
Section-1,22.35000483,4.95351080,0.00000000,1.00000000
Section-1,21.56106094,7.72264169,0.00000000,1.00000000
Section-1,20.43033139,10.37202306,0.00000000,1.00000000
Section-1,18.97540577,12.85963601,0.00000000,1.00000000
Section-1,17.21901812,15.14598422,0.00000000,1.00000000
Section-1,15.18869165,17.19472098,0.00000000,1.00000000
Section-1,12.91630757,18.97322703,0.00000000,1.00000000
Section-1,10.43760442,20.45312985,0.00000000,1.00000000
Section-1,7.79161608,21.61075631,0.00000000,1.00000000
Section-1,5.02005703,22.42751122,0.00000000,1.00000000
Section-1,2.16666477,22.89017605,0.00000000,1.00000000
Section-1,-0.72349043,22.99112267,0.00000000,1.00000000
Section-1,-3.60471741,22.72843894,0.00000000,1.00000000
Section-1,-6.43142646,22.10596397,0.00000000,1.00000000
Section-1,-9.15885070,21.13323234,0.00000000,1.00000000
Section-1,-11.74375504,19.82532821,0.00000000,1.00000000
Section-1,-14.14512157,18.20265156,0.00000000,1.00000000
Section-1,-16.32480037,16.29059999,0.00000000,1.00000000
Section-1,-18.24811565,14.11917129,0.00000000,1.00000000
Section-1,-19.88441733,11.72249284,0.00000000,1.00000000
Section-1,-21.20756947,9.13828524,0.00000000,1.00000000
Section-1,-22.19636766,6.40726868,0.00000000,1.00000000
Section-1,-22.83487883,3.57252126,0.00000000,1.00000000
Section-1,-23.11269783,0.67879957,0.00000000,1.00000000
Section-1,-23.02511689,-2.22816803,0.00000000,1.00000000
Section-1,-22.57320504,-5.10240397,0.00000000,1.00000000
Section-1,-21.76379617,-7.89840873,0.00000000,1.00000000
Section-1,-20.60938592,-10.57188104,0.00000000,1.00000000
Section-1,-19.12793889,-13.08041986,0.00000000,1.00000000
Section-1,-17.34260915,-15.38419681,0.00000000,1.00000000
Section-1,-15.28137839,-17.44658855,0.00000000,1.00000000
Section-1,-12.97661743,-19.23475897,0.00000000,1.00000000
Section-1,-10.46457782,-20.72018192,0.00000000,1.00000000
Section-1,-7.78482173,-21.87909628,0.00000000,1.00000000
Section-1,-4.97959882,-22.69288601,0.00000000,1.00000000
Section-1,-2.09318016,-23.14837907,0.00000000,1.00000000
Section-1,0.82884042,-23.23806054,0.00000000,1.00000000
Section-1,3.74026656,-22.96019638,0.00000000,1.00000000
Section-1,6.59502970,-22.31886587,0.00000000,1.00000000
Section-1,9.34791806,-21.32390202,0.00000000,1.00000000
Section-1,11.95529265,-19.99074102,0.00000000,1.00000000
Section-1,14.37577905,-18.34018281,0.00000000,1.00000000
Section-1,16.57092393,-16.39806664,0.00000000,1.00000000
Section-1,18.50580594,-14.19486658,0.00000000,1.00000000
Section-1,20.14959122,-11.76521338,0.00000000,1.00000000
Section-1,21.47602475,-9.14735017,0.00000000,1.00000000
Section-1,22.46384966,-6.38253050,0.00000000,1.00000000
Section-1,23.09714779,-3.51436826,0.00000000,1.00000000
Section-1,23.36559616,-0.58814969,0.00000000,1.00000000
Section-1,23.26463506,2.34988166,0.00000000,1.00000000
Section-1,22.79554513,5.25325569,0.00000000,1.00000000
Section-1,21.96543211,8.07601083,0.00000000,1.00000000
Section-1,20.78711941,10.77342153,0.00000000,1.00000000
Section-1,19.27895011,13.30270701,0.00000000,1.00000000
Section-1,17.46450151,15.62370971,0.00000000,1.00000000
Section-1,15.37221659,17.69953284,0.00000000,1.00000000
Section-1,13.03495813,19.49712698,0.00000000,1.00000000
Section-1,10.48949264,20.98781615,0.00000000,1.00000000
Section-1,7.77591195,22.14775530,0.00000000,1.00000000
Section-1,4.93700181,22.95831166,0.00000000,1.00000000
Section-1,2.01756727,23.40636396,0.00000000,1.00000000
Section-1,-0.93627448,23.48451473,0.00000000,1.00000000
Section-1,-3.87782257,23.19121225,0.00000000,1.00000000
Section-1,-6.76053082,22.53078002,0.00000000,1.00000000
Section-1,-9.53874426,21.51335342,0.00000000,1.00000000
Section-1,-12.16842221,20.15472429,0.00000000,1.00000000
Section-1,-14.60783638,18.47609591,0.00000000,1.00000000
Section-1,-16.81823307,16.50375213,0.00000000,1.00000000
Section-1,-18.76444875,14.26864588,0.00000000,1.00000000
Section-1,-20.41546950,11.80591345,0.00000000,1.00000000
Section-1,-21.74492513,9.15432214,0.00000000,1.00000000
Section-1,-22.73151039,6.35566001,0.00000000,1.00000000
Section-1,-23.35932630,3.45407734,0.00000000,1.00000000
Section-1,-23.61813628,0.49539014,0.00000000,1.00000000
Section-1,-23.50353291,-2.47364330,0.00000000,1.00000000
Section-1,-23.01701261,-5.40606134,0.00000000,1.00000000
Section-1,-22.16595695,-8.25544183,0.00000000,1.00000000
Section-1,-20.96352089,-10.97663694,0.00000000,1.00000000
Section-1,-19.42842950,-13.52648859,0.00000000,1.00000000
Section-1,-17.58468649,-15.86451285,0.00000000,1.00000000
Section-1,-15.46119885,-17.95354276,0.00000000,1.00000000
Section-1,-13.09132374,-19.76031912,0.00000000,1.00000000
Section-1,-10.51234446,-21.25601997,0.00000000,1.00000000
Section-1,-7.76488395,-22.41672034,0.00000000,1.00000000
Section-1,-4.89226490,-23.22377490,0.00000000,1.00000000
Section-1,-1.93982665,-23.66411741,0.00000000,1.00000000
Section-1,1.04579039,-23.73047211,0.00000000,1.00000000
Section-1,4.01738160,-23.42147378,0.00000000,1.00000000
Section-1,6.92792439,-22.74169426,0.00000000,1.00000000
Section-1,9.73132239,-21.70157516,0.00000000,1.00000000
Section-1,12.38313543,-20.31726761,0.00000000,1.00000000
Section-1,14.84128403,-18.61038154,0.00000000,1.00000000
Section-1,17.06671716,-16.60764840,0.00000000,1.00000000
Section-1,19.02403255,-14.34050255,0.00000000,1.00000000
Section-1,20.68203987,-11.84458792,0.00000000,1.00000000
Section-1,22.01425776,-9.15919759,0.00000000,1.00000000
Section-1,22.99933668,-6.32665528,0.00000000,1.00000000
Section-1,23.62140103,-3.39164826,0.00000000,1.00000000
Section-1,23.87030492,-0.40052236,0.00000000,1.00000000
Section-1,23.74179746,2.59944987,0.00000000,1.00000000
Section-1,23.23759498,5.56081624,0.00000000,1.00000000
Section-1,22.36535889,8.43669552,0.00000000,1.00000000
Section-1,21.13857945,11.18151963,0.00000000,1.00000000
Section-1,19.57636721,13.75175562,0.00000000,1.00000000
Section-1,17.70315541,16.10659610,0.00000000,1.00000000
Section-1,15.54831787,18.20860717,0.00000000,1.00000000
Section-1,13.14570840,20.02432344,0.00000000,1.00000000
Section-1,10.53312899,21.52478078,0.00000000,1.00000000
Section-1,7.75173503,22.68597835,0.00000000,1.00000000
Section-1,4.84538703,23.48926245,0.00000000,1.00000000
Section-1,1.85995895,23.92162611,0.00000000,1.00000000
Section-1,-1.15738585,23.97591955,0.00000000,1.00000000
Section-1,-4.15893970,23.65096825,0.00000000,1.00000000
Section-1,-7.09720493,22.95159644,0.00000000,1.00000000
Section-1,-9.92564548,21.88855586,0.00000000,1.00000000
Section-1,-12.59942397,20.47836056,0.00000000,1.00000000
Section-1,-15.07611242,18.74303044,0.00000000,1.00000000
Section-1,-17.31636554,16.70974748,0.00000000,1.00000000
Section-1,-19.28454573,14.41043002,0.00000000,1.00000000
Section-1,-20.94929002,11.88123170,0.00000000,1.00000000
Section-1,-22.28400977,9.16197304,0.00000000,1.00000000
Section-1,-23.26731531,6.29551447,0.00000000,1.00000000
Section-1,-23.88335866,3.32708084,0.00000000,1.00000000
Section-1,-24.12208885,0.30354784,0.00000000,1.00000000
Section-1,-23.97941576,-2.72729822,0.00000000,1.00000000
Section-1,-23.45727981,-5.71751562,0.00000000,1.00000000
Section-1,-22.56362619,-8.61976563,0.00000000,1.00000000
Section-1,-21.31228422,-11.38806190,0.00000000,1.00000000
Section-1,-19.72275341,-13.97849910,0.00000000,1.00000000
Section-1,-17.81989966,-16.34994930,0.00000000,1.00000000
Section-1,-15.63356635,-18.46471491,0.00000000,1.00000000
Section-1,-13.19810628,-20.28912793,0.00000000,1.00000000
Section-1,-10.55184196,-21.79408594,0.00000000,1.00000000
Section-1,-7.73646256,-22.95551626,0.00000000,1.00000000
Section-1,-4.79636724,-23.75476101,0.00000000,1.00000000
Section-1,-1.77796486,-24.17887675,0.00000000,1.00000000
Section-1,1.27105849,-24.22084393,0.00000000,1.00000000
Section-1,4.30249289,-23.87968293,0.00000000,1.00000000
Section-1,7.26836685,-23.16047446,0.00000000,1.00000000
Section-1,10.12170648,-22.07428423,0.00000000,1.00000000
Section-1,12.81727942,-20.63799281,0.00000000,1.00000000
Section-1,15.31231190,-18.87403340,0.00000000,1.00000000
Section-1,17.56716748,-16.81004145,0.00000000,1.00000000
Section-1,19.54597668,-14.47842177,0.00000000,1.00000000
Section-1,21.21720759,-11.91583981,0.00000000,1.00000000
Section-1,22.55416829,-9.16264507,0.00000000,1.00000000
Section-1,23.53543309,-6.26223582,0.00000000,1.00000000
Section-1,24.14518585,-3.26037499,0.00000000,1.00000000
Section-1,24.37347482,-0.20446816,0.00000000,1.00000000
Section-1,24.21637489,2.85718512,0.00000000,1.00000000
Section-1,23.67605466,5.87615468,0.00000000,1.00000000
Section-1,22.76074711,8.80464581,0.00000000,1.00000000
Section-1,21.48462436,11.59625596,0.00000000,1.00000000
Section-1,19.86757832,14.20670996,0.00000000,1.00000000
Section-1,17.93491069,16.59456221,0.00000000,1.00000000
Section-1,15.71693711,18.72185475,0.00000000,1.00000000
Section-1,13.24851166,20.55472057,0.00000000,1.00000000
Section-1,10.56847918,22.06392279,0.00000000,1.00000000
Section-1,7.71906398,23.22532099,0.00000000,1.00000000
Section-1,4.74520461,24.02025728,0.00000000,1.00000000
Section-1,1.69384515,24.43585601,0.00000000,1.00000000
Section-1,-1.38680587,24.46523215,0.00000000,1.00000000
Section-1,-4.44803709,24.10760514,0.00000000,1.00000000
Section-1,-7.44140455,23.36831622,0.00000000,1.00000000
Section-1,-10.31949830,22.25874896,0.00000000,1.00000000
Section-1,-13.03669333,20.79615407,0.00000000,1.00000000
Section-1,-15.54987279,19.00338127,0.00000000,1.00000000
Section-1,-17.81911222,16.90852243,0.00000000,1.00000000
Section-1,-19.80831372,14.54447134,0.00000000,1.00000000
Section-1,-21.48578020,11.94840728,0.00000000,1.00000000
Section-1,-22.82472040,9.16121034,0.00000000,1.00000000
Section-1,-23.80367678,6.22681761,0.00000000,1.00000000
Section-1,-24.40686928,3.19153069,0.00000000,1.00000000
Section-1,-24.62444961,0.10328497,0.00000000,1.00000000
Section-1,-24.45266193,-2.98910728,0.00000000,1.00000000
Section-1,-23.89390714,-6.03672850,0.00000000,1.00000000
Section-1,-22.95670997,-8.99132964,0.00000000,1.00000000
Section-1,-21.65558909,-11.80609400,0.00000000,1.00000000
Section-1,-20.01083223,-14.43637908,0.00000000,1.00000000
Section-1,-18.04818000,-16.84042458,0.00000000,1.00000000
Section-1,-15.79842300,-18.98001545,0.00000000,1.00000000
Section-1,-13.29691886,-20.82108929,0.00000000,1.00000000
Section-1,-10.58303654,-22.33427866,0.00000000,1.00000000
Section-1,-7.69953679,-23.49537944,0.00000000,1.00000000
Section-1,-4.69189834,-24.28573796,0.00000000,1.00000000
Section-1,-1.60760069,-24.69255060,0.00000000,1.00000000
Section-1,1.50462547,-24.70907111,0.00000000,1.00000000
Section-1,4.59556817,-24.33472219,0.00000000,1.00000000
Section-1,7.61631230,-23.57510968,0.00000000,1.00000000
Section-1,10.51901376,-22.44193883,0.00000000,1.00000000
Section-1,13.25765716,-20.95283406,0.00000000,1.00000000
Section-1,15.78878534,-19.13106494,0.00000000,1.00000000
Section-1,18.07218896,-17.00518261,0.00000000,1.00000000
Section-1,20.07154515,-14.60857234,0.00000000,1.00000000
Section-1,21.75499543,-11.97892927,0.00000000,1.00000000
Section-1,23.09565319,-9.15766557,0.00000000,1.00000000
Section-1,24.07203315,-6.18925824,0.00000000,1.00000000
Section-1,24.66839560,-3.12054797,0.00000000,1.00000000
Section-1,24.87500000,-0.00000000,0.00000000,1.00000000
Section-2,17.37500000,0.00000000,1.00000000,1.00000000
Section-2,17.24756152,2.18181368,1.00000000,1.00000000
Section-2,16.84707742,4.33162052,1.00000000,1.00000000
Section-2,16.17957001,6.41536699,1.00000000,1.00000000
Section-2,15.25529381,8.40000570,1.00000000,1.00000000
Section-2,14.08857824,10.25401944,1.00000000,1.00000000
Section-2,12.69760545,11.94792175,1.00000000,1.00000000
Section-2,11.10412714,13.45472580,1.00000000,1.00000000
Section-2,9.33312436,14.75037435,1.00000000,1.00000000
Section-2,7.41241597,15.81412380,1.00000000,1.00000000
Section-2,5.37222166,16.62887626,1.00000000,1.00000000
Section-2,3.24468649,17.18145426,1.00000000,1.00000000
Section-2,1.06337443,17.46281380,1.00000000,1.00000000
Section-2,-1.13726112,17.46819220,1.00000000,1.00000000
Section-2,-3.32242157,17.19718836,1.00000000,1.00000000
Section-2,-5.45751333,16.65377413,1.00000000,1.00000000
Section-2,-7.50869555,15.84623639,1.00000000,1.00000000
Section-2,-9.44341642,14.78705095,1.00000000,1.00000000
Section-2,-11.23092980,13.49268982,1.00000000,1.00000000
Section-2,-12.84278379,11.98336518,1.00000000,1.00000000
Section-2,-14.25327359,10.28271379,1.00000000,1.00000000
Section-2,-15.43985140,8.41742685,1.00000000,1.00000000
Section-2,-16.38348681,6.41683110,1.00000000,1.00000000
Section-2,-17.06897196,4.31242780,1.00000000,1.00000000
Section-2,-17.48516655,2.13739669,1.00000000,1.00000000
Section-2,-17.62517874,-0.07392718,1.00000000,1.00000000
Section-2,-17.48647906,-2.28659538,1.00000000,1.00000000
Section-2,-17.07094539,-4.46559850,1.00000000,1.00000000
Section-2,-16.38483824,-6.57642007,1.00000000,1.00000000
Section-2,-15.43870668,-8.58558329,1.00000000,1.00000000
Section-2,-14.24722626,-10.46118195,1.00000000,1.00000000
Section-2,-12.82897148,-12.17338716,1.00000000,1.00000000
Section-2,-11.20612625,-13.69492167,1.00000000,1.00000000
Section-2,-9.40413699,-15.00149439,1.00000000,1.00000000
Section-2,-7.45131360,-16.07218821,1.00000000,1.00000000
Section-2,-5.37838476,-16.88979479,1.00000000,1.00000000
Section-2,-3.21801438,-17.44109105,1.00000000,1.00000000
Section-2,-1.00428693,-17.71705294,1.00000000,1.00000000
Section-2,1.22783029,-17.71300296,1.00000000,1.00000000
Section-2,3.44303956,-17.42868911,1.00000000,1.00000000
Section-2,5.60627083,-16.86829387,1.00000000,1.00000000
Section-2,7.68323700,-16.04037298,1.00000000,1.00000000
Section-2,9.64097732,-14.95772505,1.00000000,1.00000000
Section-2,11.44838048,-13.63719375,1.00000000,1.00000000
Section-2,13.07667902,-12.09940586,1.00000000,1.00000000
Section-2,14.49990713,-10.36844912,1.00000000,1.00000000
Section-2,15.69531475,-8.47149497,1.00000000,1.00000000
Section-2,16.64373115,-6.43837204,1.00000000,1.00000000
Section-2,17.32987230,-4.30109711,1.00000000,1.00000000
Section-2,17.74258713,-2.09337096,1.00000000,1.00000000
Section-2,17.87503859,0.14995302,1.00000000,1.00000000
Section-2,17.72481669,2.39341910,1.00000000,1.00000000
Section-2,17.29398158,4.60152955,1.00000000,1.00000000
Section-2,16.58903600,6.73930632,1.00000000,1.00000000
Section-2,15.62082732,8.77284511,1.00000000,1.00000000
Section-2,14.40438077,10.66985311,1.00000000,1.00000000
Section-2,12.95866633,12.40016174,1.00000000,1.00000000
Section-2,11.30630299,13.93620648,1.00000000,1.00000000
Section-2,9.47320490,15.25346590,1.00000000,1.00000000
Section-2,7.48817495,16.33085314,1.00000000,1.00000000
Section-2,5.38245225,17.15105337,1.00000000,1.00000000
Section-2,3.18922052,17.70080204,1.00000000,1.00000000
Section-2,0.94308515,17.97109923,1.00000000,1.00000000
Section-2,-1.32047282,17.95735688,1.00000000,1.00000000
Section-2,-3.56565714,17.65947625,1.00000000,1.00000000
Section-2,-5.75692250,17.08185453,1.00000000,1.00000000
Section-2,-7.85953720,16.23332020,1.00000000,1.00000000
Section-2,-9.84013370,15.12699832,1.00000000,1.00000000
Section-2,-11.66723812,13.78010755,1.00000000,1.00000000
Section-2,-13.31177039,12.21369228,1.00000000,1.00000000
Section-2,-14.74750705,10.45229384,1.00000000,1.00000000
Section-2,-15.95149942,8.52356608,1.00000000,1.00000000
Section-2,-16.90444032,6.45784115,1.00000000,1.00000000
Section-2,-17.59097361,4.28765259,1.00000000,1.00000000
Section-2,-17.99994164,2.04722289,1.00000000,1.00000000
Section-2,-18.12456636,-0.22807614,1.00000000,1.00000000
Section-2,-17.96256147,-2.50228182,1.00000000,1.00000000
Section-2,-17.51617355,-4.73940902,1.00000000,1.00000000
Section-2,-16.79215152,-6.90401957,1.00000000,1.00000000
Section-2,-15.80164484,-8.96178359,1.00000000,1.00000000
Section-2,-14.56003189,-10.88002402,1.00000000,1.00000000
Section-2,-13.08668134,-12.62823542,1.00000000,1.00000000
Section-2,-11.40465003,-14.17856916,1.00000000,1.00000000
Section-2,-9.54032220,-15.50627699,1.00000000,1.00000000
Section-2,-7.52299567,-16.59010604,1.00000000,1.00000000
Section-2,-5.38442142,-17.41263901,1.00000000,1.00000000
Section-2,-3.15830385,-17.96057398,1.00000000,1.00000000
Section-2,-0.87976968,-18.22493941,1.00000000,1.00000000
Section-2,1.41518644,-18.20124087,1.00000000,1.00000000
Section-2,3.69027044,-17.88953709,1.00000000,1.00000000
Section-2,5.90946290,-17.29444400,1.00000000,1.00000000
Section-2,8.03758924,-16.42506671,1.00000000,1.00000000
Section-2,10.04087728,-15.29486036,1.00000000,1.00000000
Section-2,11.88749319,-13.92142196,1.00000000,1.00000000
Section-2,13.54804729,-12.32621646,1.00000000,1.00000000
Section-2,14.99606183,-10.53424138,1.00000000,1.00000000
Section-2,16.20839315,-8.57363508,1.00000000,1.00000000
Section-2,17.16560150,-6.47523494,1.00000000,1.00000000
Section-2,17.85226275,-4.27209238,1.00000000,1.00000000
Section-2,18.25721679,-1.99895226,1.00000000,1.00000000
Section-2,18.37374884,0.30829507,1.00000000,1.00000000
Section-2,18.19970049,2.61318041,1.00000000,1.00000000
Section-2,17.73750888,4.87923221,1.00000000,1.00000000
Section-2,16.99417308,7.07055359,1.00000000,1.00000000
Section-2,15.98114839,9.15239107,1.00000000,1.00000000
Section-2,14.71416983,11.09168572,1.00000000,1.00000000
Section-2,13.21300791,12.85759807,1.00000000,1.00000000
Section-2,11.50116010,14.42199860,1.00000000,1.00000000
Section-2,9.60548309,15.75991570,1.00000000,1.00000000
Section-2,7.55577151,16.84993434,1.00000000,1.00000000
Section-2,5.38428960,17.67453870,1.00000000,1.00000000
Section-2,3.12526337,18.22039365,1.00000000,1.00000000
Section-2,0.81434118,18.47856022,1.00000000,1.00000000
Section-2,-1.51196883,18.44464187,1.00000000,1.00000000
Section-2,-3.81687551,18.11885894,1.00000000,1.00000000
Section-2,-6.06388652,17.50605020,1.00000000,1.00000000
Section-2,-8.21738613,16.61560123,1.00000000,1.00000000
Section-2,-10.24319972,15.46130087,1.00000000,1.00000000
Section-2,-12.10913610,14.06112779,1.00000000,1.00000000
Section-2,-13.78549906,12.43697049,1.00000000,1.00000000
Section-2,-15.24555989,10.61428521,1.00000000,1.00000000
Section-2,-16.46598363,8.62169695,1.00000000,1.00000000
Section-2,-17.42720187,6.49054997,1.00000000,1.00000000
Section-2,-18.11372654,4.25441470,1.00000000,1.00000000
Section-2,-18.51439930,1.94855896,1.00000000,1.00000000
Section-2,-18.62257284,-0.39060826,1.00000000,1.00000000
Section-2,-18.43622087,-2.72611170,1.00000000,1.00000000
Section-2,-17.95797518,-5.02099433,1.00000000,1.00000000
Section-2,-17.19508899,-7.23890208,1.00000000,1.00000000
Section-2,-16.15932715,-9.34465983,1.00000000,1.00000000
Section-2,-14.86678483,-11.30482920,1.00000000,1.00000000
Section-2,-13.33763749,-13.08823954,1.00000000,1.00000000
Section-2,-11.59582599,-14.66648363,1.00000000,1.00000000
Section-2,-9.66868182,-16.01437008,1.00000000,1.00000000
Section-2,-7.58649827,-17.11032543,1.00000000,1.00000000
Section-2,-5.38205422,-17.93673941,1.00000000,1.00000000
Section-2,-3.09009815,-18.48024778,1.00000000,1.00000000
Section-2,-0.74680041,-18.73194839,1.00000000,1.00000000
Section-2,1.61081759,-18.68754681,1.00000000,1.00000000
Section-2,3.94546830,-18.34742916,1.00000000,1.00000000
Section-2,6.22018776,-17.71666107,1.00000000,1.00000000
Section-2,8.39892081,-16.80491249,1.00000000,1.00000000
Section-2,10.44709259,-15.62630956,1.00000000,1.00000000
Section-2,12.33215724,-14.19921589,1.00000000,1.00000000
Section-2,14.02411499,-12.54594649,1.00000000,1.00000000
Section-2,15.49598963,-10.69241887,1.00000000,1.00000000
Section-2,16.72425854,-8.66774677,1.00000000,1.00000000
Section-2,17.68922859,-6.50378289,1.00000000,1.00000000
Section-2,18.37535182,-4.23461782,1.00000000,1.00000000
Section-2,18.77147589,-1.89604293,1.00000000,1.00000000
Section-2,18.87102518,0.47501410,1.00000000,1.00000000
Section-2,18.67210973,2.84107243,1.00000000,1.00000000
Section-2,18.17756009,5.16469054,1.00000000,1.00000000
Section-2,17.39488758,7.40905869,1.00000000,1.00000000
Section-2,16.33617036,9.53858210,1.00000000,1.00000000
Section-2,15.01786719,11.51944539,1.00000000,1.00000000
Section-2,13.46056159,13.32014961,1.00000000,1.00000000
Section-2,11.68864057,14.91201305,1.00000000,1.00000000
Section-2,9.72991271,16.26962810,1.00000000,1.00000000
Section-2,7.61517182,17.37126670,1.00000000,1.00000000
Section-2,5.37771276,18.19922809,1.00000000,1.00000000
Section-2,3.05280733,18.74012313,1.00000000,1.00000000
Section-2,0.67714819,18.98509068,1.00000000,1.00000000
Section-2,-1.71173023,18.92994263,1.00000000,1.00000000
Section-2,-4.07604474,18.57523510,1.00000000,1.00000000
Section-2,-6.37836099,17.92626460,1.00000000,1.00000000
Section-2,-8.58218617,16.99298928,1.00000000,1.00000000
Section-2,-10.65254744,15.78987618,1.00000000,1.00000000
Section-2,-12.55654690,14.33567718,1.00000000,1.00000000
Section-2,-14.26388434,12.65313668,1.00000000,1.00000000
Section-2,-15.74733940,10.76863598,1.00000000,1.00000000
Section-2,-16.98320552,8.71177963,1.00000000,1.00000000
Section-2,-17.95166877,6.51493040,1.00000000,1.00000000
Section-2,-18.63712542,4.21270008,1.00000000,1.00000000
Section-2,-19.02843328,1.84140419,1.00000000,1.00000000
Section-2,-19.11909269,-0.56151090,1.00000000,1.00000000
Section-2,-18.90735420,-2.95805926,1.00000000,1.00000000
Section-2,-18.39625126,-5.31031591,1.00000000,1.00000000
Section-2,-17.59355723,-7.58101699,1.00000000,1.00000000
Section-2,-16.51166730,-9.73415004,1.00000000,1.00000000
Section-2,-15.16740724,-11.73552519,1.00000000,1.00000000
Section-2,-13.58177177,-13.55331803,1.00000000,1.00000000
Section-2,-11.77959675,-15.15857564,1.00000000,1.00000000
Section-2,-9.78917015,-16.52567773,1.00000000,1.00000000
Section-2,-7.64178809,-17.63274548,1.00000000,1.00000000
Section-2,-5.37126279,-18.46199169,1.00000000,1.00000000
Section-2,-3.01339014,-19.00000642,1.00000000,1.00000000
Section-2,-0.60538540,-19.23797381,1.00000000,1.00000000
Section-2,1.81470422,-19.17181631,1.00000000,1.00000000
Section-2,4.20860065,-18.80226415,1.00000000,1.00000000
Section-2,6.53840048,-18.13484880,1.00000000,1.00000000
Section-2,8.76717504,-17.17982041,1.00000000,1.00000000
Section-2,10.85955574,-15.95199057,1.00000000,1.00000000
Section-2,12.78229536,-14.47050261,1.00000000,1.00000000
Section-2,14.50479631,-12.75853330,1.00000000,1.00000000
Section-2,15.99959751,-10.84293020,1.00000000,1.00000000
Section-2,17.24281219,-8.75379073,1.00000000,1.00000000
Section-2,18.21450952,-6.52398929,1.00000000,1.00000000
Section-2,18.89903412,-4.18865993,1.00000000,1.00000000
Section-2,19.28525817,-1.78464283,1.00000000,1.00000000
Section-2,19.36676218,0.65009691,1.00000000,1.00000000
Section-2,19.14194144,3.07706880,1.00000000,1.00000000
Section-2,18.61403639,5.45786548,1.00000000,1.00000000
Section-2,17.79108634,7.75477047,1.00000000,1.00000000
Section-2,16.68580726,9.93135575,1.00000000,1.00000000
Section-2,15.31539537,11.95305940,1.00000000,1.00000000
Section-2,13.70125966,13.78773447,1.00000000,1.00000000
Section-2,11.86868752,15.40616010,1.00000000,1.00000000
Section-2,9.84644858,16.78250689,1.00000000,1.00000000
Section-2,7.66634311,17.89474911,1.00000000,1.00000000
Section-2,5.36270195,18.72501712,1.00000000,1.00000000
Section-2,2.97184588,19.25988440,1.00000000,1.00000000
Section-2,0.53151301,19.49058454,1.00000000,1.00000000
Section-2,-1.91973692,19.41315481,1.00000000,1.00000000
Section-2,-4.34313180,19.02850371,1.00000000,1.00000000
Section-2,-6.70030046,18.34240169,1.00000000,1.00000000
Section-2,-8.95388017,17.36539476,1.00000000,1.00000000
Section-2,-11.06810890,16.11264255,1.00000000,1.00000000
Section-2,-13.00939283,14.60368321,1.00000000,1.00000000
Section-2,-14.74684006,12.86212867,1.00000000,1.00000000
Section-2,-16.25275226,10.91529528,1.00000000,1.00000000
Section-2,-17.50306613,8.79377534,1.00000000,1.00000000
Section-2,-18.47773795,6.53095640,1.00000000,1.00000000
Section-2,-19.16106475,4.16249585,1.00000000,1.00000000
Section-2,-19.54193729,1.72575902,1.00000000,1.00000000
Section-2,-19.61402051,-0.74077028,1.00000000,1.00000000
Section-2,-19.37585863,-3.19809758,1.00000000,1.00000000
Section-2,-18.83090317,-5.60733417,1.00000000,1.00000000
Section-2,-17.98746337,-7.93031259,1.00000000,1.00000000
Section-2,-16.85857963,-10.13019127,1.00000000,1.00000000
Section-2,-15.46182203,-12.17203879,1.00000000,1.00000000
Section-2,-13.81901693,-14.02338858,1.00000000,1.00000000
Section-2,-11.95590591,-15.65475511,1.00000000,1.00000000
Section-2,-9.90174253,-17.04010348,1.00000000,1.00000000
Section-2,-7.68883296,-18.15726489,1.00000000,1.00000000
Section-2,-5.35202793,-18.98829131,1.00000000,1.00000000
Section-2,-2.92817391,-19.51974378,1.00000000,1.00000000
Section-2,-0.45553207,-19.74290963,1.00000000,1.00000000
Section-2,2.02682563,-19.65394512,1.00000000,1.00000000
Section-2,4.47963387,-19.25394122,1.00000000,1.00000000
Section-2,6.86405505,-18.54891136,1.00000000,1.00000000
Section-2,9.14229425,-17.54970121,1.00000000,1.00000000
Section-2,11.27819829,-16.27182206,1.00000000,1.00000000
Section-2,13.23782946,-14.73521003,1.00000000,1.00000000
Section-2,14.99000471,-12.96391516,1.00000000,1.00000000
Section-2,16.50679188,-10.98572501,1.00000000,1.00000000
Section-2,17.76395491,-8.83172876,1.00000000,1.00000000
Section-2,18.74134111,-6.53582866,1.00000000,1.00000000
Section-2,19.42320407,-4.13420642,1.00000000,1.00000000
Section-2,19.79845734,-1.66475301,1.00000000,1.00000000
Section-2,19.86085452,0.83352911,1.00000000,1.00000000
Section-2,19.60909295,3.32114204,1.00000000,1.00000000
Section-2,19.04683935,5.75871686,1.00000000,1.00000000
Section-2,18.18267678,8.10763672,1.00000000,1.00000000
Section-2,17.02997379,10.33064859,1.00000000,1.00000000
Section-2,15.60667771,12.39245408,1.00000000,1.00000000
Section-2,13.93503530,14.26026995,1.00000000,1.00000000
Section-2,12.04124504,15.90434931,1.00000000,1.00000000
Section-2,9.95504659,17.29845537,1.00000000,1.00000000
Section-2,7.70925378,18.42028009,1.00000000,1.00000000
Section-2,5.33923853,19.25180114,1.00000000,1.00000000
Section-2,2.88237367,19.77957129,1.00000000,1.00000000
Section-2,0.37744368,19.99493582,1.00000000,1.00000000
Section-2,-2.13596760,19.89417424,1.00000000,1.00000000
Section-2,-4.61810249,19.47856413,1.00000000,1.00000000
Section-2,-7.02965835,18.75436589,1.00000000,1.00000000
Section-2,-9.33240992,17.73272870,1.00000000,1.00000000
Section-2,-11.48981521,16.42951902,1.00000000,1.00000000
Section-2,-13.46759536,14.86507419,1.00000000,1.00000000
Section-2,-15.23427932,13.06388520,1.00000000,1.00000000
Section-2,-16.76170458,11.05421325,1.00000000,1.00000000
Section-2,-18.02546606,8.86764641,1.00000000,1.00000000
Section-2,-19.00530606,6.53860308,1.00000000,1.00000000
Section-2,-19.68543887,4.10379028,1.00000000,1.00000000
Section-2,-20.05480504,1.60162511,1.00000000,1.00000000
Section-2,-20.10725106,-0.92837142,1.00000000,1.00000000
Section-2,-19.84163162,-3.44619857,1.00000000,1.00000000
Section-2,-19.26183270,-5.91200836,1.00000000,1.00000000
Section-2,-18.37671510,-8.28673616,1.00000000,1.00000000
Section-2,-17.19997919,-10.53271962,1.00000000,1.00000000
Section-2,-15.74995296,-12.61429594,1.00000000,1.00000000
Section-2,-14.04930658,-14.49836814,1.00000000,1.00000000
Section-2,-12.12469806,-16.15493130,1.00000000,1.00000000
Section-2,-10.00635540,-17.55755037,1.00000000,1.00000000
Section-2,-7.72760181,-18.68378198,1.00000000,1.00000000
Section-2,-5.32433159,-19.51553350,1.00000000,1.00000000
Section-2,-2.83444469,-20.03935365,1.00000000,1.00000000
Section-2,-0.29724905,-20.24664988,1.00000000,1.00000000
Section-2,2.24715997,-20.13382919,1.00000000,1.00000000
Section-2,4.75853321,-19.70235990,1.00000000,1.00000000
Section-2,7.19710437,-18.95875342,1.00000000,1.00000000
Section-2,9.52421975,-17.91446622,1.00000000,1.00000000
Section-2,11.70295089,-16.58572344,1.00000000,1.00000000
Section-2,13.69868059,-14.99326688,1.00000000,1.00000000
Section-2,15.47965293,-13.16203129,1.00000000,1.00000000
Section-2,17.01747853,-11.12075395,1.00000000,1.00000000
Section-2,18.28758708,-8.90152373,1.00000000,1.00000000
Section-2,19.26961983,-6.53927671,1.00000000,1.00000000
Section-2,19.94775591,-4.07124616,1.00000000,1.00000000
Section-2,20.31096709,-1.53637571,1.00000000,1.00000000
Section-2,20.35319701,1.02529514,1.00000000,1.00000000
Section-2,20.07346187,3.57326348,1.00000000,1.00000000
Section-2,19.47587100,6.06720340,1.00000000,1.00000000
Section-2,18.56956686,8.46760417,1.00000000,1.00000000
Section-2,17.36858532,10.73639623,1.00000000,1.00000000
Section-2,15.89163835,12.83755495,1.00000000,1.00000000
Section-2,14.16182260,14.73767263,1.00000000,1.00000000
Section-2,12.20625821,16.40648963,1.00000000,1.00000000
Section-2,10.05566368,17.81737629,1.00000000,1.00000000
Section-2,7.74387333,18.94775777,1.00000000,1.00000000
Section-2,5.30730504,19.77947525,1.00000000,1.00000000
Section-2,2.78438656,20.29907755,1.00000000,1.00000000
Section-2,0.21494942,20.49803857,1.00000000,1.00000000
Section-2,-2.36039984,20.37289699,1.00000000,1.00000000
Section-2,-4.90092150,19.92531604,1.00000000,1.00000000
Section-2,-7.36638705,19.16206212,1.00000000,1.00000000
Section-2,-9.71771625,18.09490277,1.00000000,1.00000000
Section-2,-11.91759653,16.74042536,1.00000000,1.00000000
Section-2,-13.93107516,15.11977933,1.00000000,1.00000000
Section-2,-15.72611452,13.25834599,1.00000000,1.00000000
Section-2,-17.27410188,11.18534109,1.00000000,1.00000000
Section-2,-18.55030544,8.93335627,1.00000000,1.00000000
Section-2,-19.53426944,6.53784670,1.00000000,1.00000000
Section-2,-20.21014196,4.03657284,1.00000000,1.00000000
Section-2,-20.56693022,1.46900528,1.00000000,1.00000000
Section-2,-20.59867923,-1.12429815,1.00000000,1.00000000
Section-2,-20.30457093,-3.70233302,1.00000000,1.00000000
Section-2,-19.68894207,-6.22429665,1.00000000,1.00000000
Section-2,-18.76122067,-8.65023392,1.00000000,1.00000000
Section-2,-17.53578171,-10.94167022,1.00000000,1.00000000
Section-2,-16.03172455,-13.06222168,1.00000000,1.00000000
Section-2,-14.27257528,-14.97817288,1.00000000,1.00000000
Section-2,-12.28591879,-16.65901283,1.00000000,1.00000000
Section-2,-10.10296623,-18.07792090,1.00000000,1.00000000
Section-2,-7.75806471,-19.21219469,1.00000000,1.00000000
Section-2,-5.28815689,-20.04361325,1.00000000,1.00000000
Section-2,-2.73219893,-20.55872972,1.00000000,1.00000000
Section-2,-0.13054615,-20.74908866,1.00000000,1.00000000
Section-2,2.47568421,-20.61136469,1.00000000,1.00000000
Section-2,5.04526278,-20.14742006,1.00000000,1.00000000
Section-2,7.53750028,-19.36428017,1.00000000,1.00000000
Section-2,9.91289185,-18.27402742,1.00000000,1.00000000
Section-2,12.13374326,-16.89361488,1.00000000,1.00000000
Section-2,14.16476903,-15.24460281,1.00000000,1.00000000
Section-2,15.97365304,-13.35282190,1.00000000,1.00000000
Section-2,17.53156272,-11.24796873,1.00000000,1.00000000
Section-2,18.81360860,-8.96313963,1.00000000,1.00000000
Section-2,19.79924188,-6.53431026,1.00000000,1.00000000
Section-2,20.47258376,-3.99976920,1.00000000,1.00000000
Section-2,20.82268112,-1.39951436,1.00000000,1.00000000
Section-2,20.84368462,1.22537824,1.00000000,1.00000000
Section-2,20.53494608,3.83340334,1.00000000,1.00000000
Section-2,19.90103377,6.38328272,1.00000000,1.00000000
Section-2,18.95166513,8.83461853,1.00000000,1.00000000
Section-2,17.70155793,11.14853333,1.00000000,1.00000000
Section-2,16.17020224,13.28828663,1.00000000,1.00000000
Section-2,14.38155657,15.21985829,1.00000000,1.00000000
Section-2,12.36367314,16.91248937,1.00000000,1.00000000
Section-2,10.14825790,18.33917193,1.00000000,1.00000000
Section-2,7.77017239,19.47707991,1.00000000,1.00000000
Section-2,5.26688519,20.30793434,1.00000000,1.00000000
Section-2,2.67788156,20.81829685,1.00000000,1.00000000
Section-2,0.04404064,20.99978693,1.00000000,1.00000000
Section-2,-2.59301003,20.84921935,1.00000000,1.00000000
Section-2,-5.19155238,20.36865952,1.00000000,1.00000000
Section-2,-7.71043785,19.56539582,1.00000000,1.00000000
Section-2,-10.10973895,18.45182926,1.00000000,1.00000000
Section-2,-12.35138216,17.04528214,1.00000000,1.00000000
Section-2,-14.39975209,15.36772867,1.00000000,1.00000000
Section-2,-16.22225737,13.44545170,1.00000000,1.00000000
Section-2,-17.78984912,11.30863101,1.00000000,1.00000000
Section-2,-19.07748398,8.99086947,1.00000000,1.00000000
Section-2,-20.06452414,6.52866467,1.00000000,1.00000000
Section-2,-20.73506805,3.96083417,1.00000000,1.00000000
Section-2,-21.07820652,1.32790356,1.00000000,1.00000000
Section-2,-21.08820006,-1.32853314,1.00000000,1.00000000
Section-2,-20.76457460,-3.96647054,1.00000000,1.00000000
Section-2,-20.11213396,-6.54415612,1.00000000,1.00000000
Section-2,-19.14088890,-9.02075105,1.00000000,1.00000000
Section-2,-17.86590361,-11.35697724,1.00000000,1.00000000
Section-2,-16.30706216,-13.51574023,1.00000000,1.00000000
Section-2,-14.48875850,-15.46271823,1.00000000,1.00000000
Section-2,-12.43951469,-17.16690770,1.00000000,1.00000000
Section-2,-10.19153360,-18.60111709,1.00000000,1.00000000
Section-2,-7.78019287,-19.74240061,1.00000000,1.00000000
Section-2,-5.24348810,-20.57242535,1.00000000,1.00000000
Section-2,-2.62143425,-21.07776565,1.00000000,1.00000000
Section-2,0.04456563,-21.25012016,1.00000000,1.00000000
Section-2,2.71237415,-21.08644802,1.00000000,1.00000000
Section-2,5.33978557,-20.58902196,1.00000000,1.00000000
Section-2,7.88519352,-19.76539730,1.00000000,1.00000000
Section-2,10.30824986,-18.62829743,1.00000000,1.00000000
Section-2,12.57050423,-17.19541732,1.00000000,1.00000000
Section-2,14.63601422,-15.48914829,1.00000000,1.00000000
Section-2,16.47191639,-13.53622812,1.00000000,1.00000000
Section-2,18.04894912,-11.36732210,1.00000000,1.00000000
Section-2,19.34191898,-9.01654154,1.00000000,1.00000000
Section-2,20.33010318,-6.52090729,1.00000000,1.00000000
Section-2,20.99758158,-3.91976677,1.00000000,1.00000000
Section-2,21.33349313,-1.25417357,1.00000000,1.00000000
Section-2,21.33221247,1.43376050,1.00000000,1.00000000
Section-2,20.99344379,4.10153066,1.00000000,1.00000000
Section-2,20.32223056,6.70691132,1.00000000,1.00000000
Section-2,19.32888069,9.20862447,1.00000000,1.00000000
Section-2,18.02880841,11.56699357,1.00000000,1.00000000
Section-2,16.44229513,13.74457289,1.00000000,1.00000000
Section-2,14.59417313,15.70674201,1.00000000,1.00000000
Section-2,12.51343691,17.42225622,1.00000000,1.00000000
Section-2,10.23278834,18.86374405,1.00000000,1.00000000
Section-2,7.78812272,20.00814393,1.00000000,1.00000000
Section-2,5.21796384,20.83707310,1.00000000,1.00000000
Section-2,2.56285689,21.33712281,1.00000000,1.00000000
Section-2,-0.13527110,21.50007513,1.00000000,1.00000000
Section-2,-2.83377339,21.32303782,1.00000000,1.00000000
Section-2,-5.48995756,20.80849500,1.00000000,1.00000000
Section-2,-8.06176097,19.96427293,1.00000000,1.00000000
Section-2,-10.50841684,18.80342110,1.00000000,1.00000000
Section-2,-12.79110044,17.34401066,1.00000000,1.00000000
Section-2,-14.87354521,15.60885314,1.00000000,1.00000000
Section-2,-16.72261889,13.62514397,1.00000000,1.00000000
Section-2,-18.30885070,11.42403628,1.00000000,1.00000000
Section-2,-19.60690098,9.04015165,1.00000000,1.00000000
Section-2,-20.59596594,6.51103555,1.00000000,1.00000000
Section-2,-21.26011105,3.87656609,1.00000000,1.00000000
Section-2,-21.58852767,1.17832514,1.00000000,1.00000000
Section-2,-21.57570876,-1.54105789,1.00000000,1.00000000
Section-2,-21.22154099,-4.23857963,1.00000000,1.00000000
Section-2,-20.53131149,-6.87154273,1.00000000,1.00000000
Section-2,-19.51562923,-9.39823171,1.00000000,1.00000000
Section-2,-18.19026205,-11.77857389,1.00000000,1.00000000
Section-2,-16.57589199,-13.97477493,1.00000000,1.00000000
Section-2,-14.69779262,-15.95191888,1.00000000,1.00000000
Section-2,-12.58543336,-17.67852328,1.00000000,1.00000000
Section-2,-10.27201716,-19.12704046,1.00000000,1.00000000
Section-2,-7.79395860,-20.27429699,1.00000000,1.00000000
Section-2,-5.19031069,-21.10186438,1.00000000,1.00000000
Section-2,-2.50214945,-21.59635502,1.00000000,1.00000000
Section-2,0.22807413,-21.74963865,1.00000000,1.00000000
Section-2,2.95720445,-21.55897583,1.00000000,1.00000000
Section-2,5.64206347,-21.02706625,1.00000000,1.00000000
Section-2,8.24013381,-20.16201103,1.00000000,1.00000000
Section-2,10.71023209,-18.97718951,1.00000000,1.00000000
Section-2,13.01316170,-17.49105245,1.00000000,1.00000000
Section-2,15.11233482,-15.72683471,1.00000000,1.00000000
Section-2,16.97435366,-13.71219210,1.00000000,1.00000000
Section-2,18.56954184,-11.47876787,1.00000000,1.00000000
Section-2,19.87241731,-9.06169567,1.00000000,1.00000000
Section-2,20.86209935,-6.49904696,1.00000000,1.00000000
Section-2,21.52264321,-3.83123128,1.00000000,1.00000000
Section-2,21.84329685,-1.10035912,1.00000000,1.00000000
Section-2,21.81867585,1.65042282,1.00000000,1.00000000
Section-2,21.44885353,4.37761335,1.00000000,1.00000000
Section-2,20.73936472,7.03804465,1.00000000,1.00000000
Section-2,19.70112328,9.58956562,1.00000000,1.00000000
Section-2,18.35025427,11.99170971,1.00000000,1.00000000
Section-2,16.70784364,14.20633666,1.00000000,1.00000000
Section-2,14.79960914,16.19823808,1.00000000,1.00000000
Section-2,12.65549764,17.93569723,1.00000000,1.00000000
Section-2,10.30921520,19.39099394,1.00000000,1.00000000
Section-2,7.79769723,20.54084689,1.00000000,1.00000000
Section-2,5.16052702,21.36678599,1.00000000,1.00000000
Section-2,2.43931195,21.85544897,1.00000000,1.00000000
Section-2,-0.32297302,21.99879750,1.00000000,1.00000000
Section-2,-3.08266399,21.79424917,1.00000000,1.00000000
Section-2,-5.79609836,21.24472334,1.00000000,1.00000000
Section-2,-8.42030559,20.35859995,1.00000000,1.00000000
Section-2,-10.91368775,19.14959192,1.00000000,1.00000000
Section-2,-13.23667886,17.63653301,1.00000000,1.00000000
Section-2,-15.35237277,15.84308456,1.00000000,1.00000000
Section-2,-17.22710943,13.79736543,1.00000000,1.00000000
Section-2,-18.83101047,11.53151125,1.00000000,1.00000000
Section-2,-20.13845530,9.08116956,1.00000000,1.00000000
Section-2,-21.12849033,6.48493907,1.00000000,1.00000000
Section-2,-21.78516475,3.78376159,1.00000000,1.00000000
Section-2,-22.09778740,1.02027642,1.00000000,1.00000000
Section-2,-22.06110071,-1.76185272,1.00000000,1.00000000
Section-2,-21.67536878,-4.51862762,1.00000000,1.00000000
Section-2,-20.94637824,-7.20641135,1.00000000,1.00000000
Section-2,-19.88535165,-9.78261902,1.00000000,1.00000000
Section-2,-18.50877488,-12.20639247,1.00000000,1.00000000
Section-2,-16.83814105,-14.43924829,1.00000000,1.00000000
Section-2,-14.89961497,-16.44568878,1.00000000,1.00000000
Section-2,-12.72362343,-18.19376634,1.00000000,1.00000000
Section-2,-10.34437765,-19.65559208,1.00000000,1.00000000
Section-2,-7.79933539,-20.80778072,1.00000000,1.00000000
Section-2,-5.12861127,-21.63182471,1.00000000,1.00000000
Section-2,-2.37434451,-22.11439137,1.00000000,1.00000000
Section-2,0.41996598,-22.24753851,1.00000000,1.00000000
Section-2,3.21014859,-22.02884500,1.00000000,1.00000000
Section-2,5.95205721,-21.46145395,1.00000000,1.00000000
Section-2,8.60226978,-20.55402810,1.00000000,1.00000000
Section-2,11.11877589,-19.32061762,1.00000000,1.00000000
Section-2,13.46164272,-17.78044275,1.00000000,1.00000000
Section-2,15.59364871,-15.95759431,1.00000000,1.00000000
Section-2,17.48087488,-13.88065694,1.00000000,1.00000000
Section-2,19.09324449,-11.58226088,1.00000000,1.00000000
Section-2,20.40500225,-9.09856934,1.00000000,1.00000000
Section-2,21.39512578,-6.46870954,1.00000000,1.00000000
Section-2,22.04766238,-3.73415632,1.00000000,1.00000000
Section-2,22.35198604,-0.93807802,1.00000000,1.00000000
Section-2,22.30297026,1.87534495,1.00000000,1.00000000
Section-2,21.90107414,4.66161818,1.00000000,1.00000000
Section-2,21.15234008,7.37663702,1.00000000,1.00000000
Section-2,20.06830320,9.97738462,1.00000000,1.00000000
Section-2,18.66581373,12.42261356,1.00000000,1.00000000
Section-2,16.96677521,14.67350001,1.00000000,1.00000000
Section-2,14.99780240,16.69426012,1.00000000,1.00000000
Section-2,12.78980447,18.45271888,1.00000000,1.00000000
Section-2,10.37749977,19.92082242,1.00000000,1.00000000
Section-2,7.79886995,21.07508554,1.00000000,1.00000000
Section-2,5.09456196,21.89696732,1.00000000,1.00000000
Section-2,2.30724732,22.37316889,1.00000000,1.00000000
Section-2,-0.51905117,22.49584849,1.00000000,1.00000000
Section-2,-3.33965475,22.26275045,1.00000000,1.00000000
Section-2,-6.10993496,21.67724578,1.00000000,1.00000000
Section-2,-8.78601981,20.74828389,1.00000000,1.00000000
Section-2,-11.32548853,19.49025597,1.00000000,1.00000000
Section-2,-13.68804400,17.92277209,1.00000000,1.00000000
Section-2,-15.83615225,16.07035564,1.00000000,1.00000000
Section-2,-17.73563867,13.96205968,1.00000000,1.00000000
Section-2,-19.35623175,11.63101128,1.00000000,1.00000000
Section-2,-20.67204543,9.11389109,1.00000000,1.00000000
Section-2,-21.66199257,6.45035610,1.00000000,1.00000000
Section-2,-22.31012281,3.68241486,1.00000000,1.00000000
Section-2,-22.60587950,0.85376498,1.00000000,1.00000000
Section-2,-22.54427149,-1.99089678,1.00000000,1.00000000
Section-2,-22.12595701,-4.80658071,1.00000000,1.00000000
Section-2,-21.35723829,-7.54871578,1.00000000,1.00000000
Section-2,-20.24996680,-10.17385510,1.00000000,1.00000000
Section-2,-18.82136072,-12.64036432,1.00000000,1.00000000
Section-2,-17.09373719,-14.90908196,1.00000000,1.00000000
Section-2,-15.09416382,-16.94394117,1.00000000,1.00000000
Section-2,-12.85403456,-18.71254304,1.00000000,1.00000000
Section-2,-10.40857690,-20.18667252,1.00000000,1.00000000
Section-2,-7.79629785,-21.34274840,1.00000000,1.00000000
Section-2,-5.05837766,-22.16220058,1.00000000,1.00000000
Section-2,-2.23802063,-22.63176822,1.00000000,1.00000000
Section-2,0.62022665,-22.74371426,1.00000000,1.00000000
Section-2,3.47117890,-22.49595270,1.00000000,1.00000000
Section-2,6.26972645,-21.89208654,1.00000000,1.00000000
Section-2,8.97154902,-20.94135581,1.00000000,1.00000000
Section-2,11.53381761,-19.65849635,1.00000000,1.00000000
Section-2,13.91587341,-18.06351151,1.00000000,1.00000000
Section-2,16.07987297,-16.18136027,1.00000000,1.00000000
Section-2,17.99138941,-14.04156674,1.00000000,1.00000000
Section-2,19.61996010,-11.67775705,1.00000000,1.00000000
Section-2,20.93957210,-9.12713099,1.00000000,1.00000000
Section-2,21.92907758,-6.42987652,1.00000000,1.00000000
Section-2,22.57253273,-3.62853666,1.00000000,1.00000000
Section-2,22.85945452,-0.76733842,1.00000000,1.00000000
Section-2,22.78499137,2.10850542,1.00000000,1.00000000
Section-2,22.35000483,4.95351080,1.00000000,1.00000000
Section-2,21.56106094,7.72264169,1.00000000,1.00000000
Section-2,20.43033139,10.37202306,1.00000000,1.00000000
Section-2,18.97540577,12.85963601,1.00000000,1.00000000
Section-2,17.21901812,15.14598422,1.00000000,1.00000000
Section-2,15.18869165,17.19472098,1.00000000,1.00000000
Section-2,12.91630757,18.97322703,1.00000000,1.00000000
Section-2,10.43760442,20.45312985,1.00000000,1.00000000
Section-2,7.79161608,21.61075631,1.00000000,1.00000000
Section-2,5.02005703,22.42751122,1.00000000,1.00000000
Section-2,2.16666477,22.89017605,1.00000000,1.00000000
Section-2,-0.72349043,22.99112267,1.00000000,1.00000000
Section-2,-3.60471741,22.72843894,1.00000000,1.00000000
Section-2,-6.43142646,22.10596397,1.00000000,1.00000000
Section-2,-9.15885070,21.13323234,1.00000000,1.00000000
Section-2,-11.74375504,19.82532821,1.00000000,1.00000000
Section-2,-14.14512157,18.20265156,1.00000000,1.00000000
Section-2,-16.32480037,16.29059999,1.00000000,1.00000000
Section-2,-18.24811565,14.11917129,1.00000000,1.00000000
Section-2,-19.88441733,11.72249284,1.00000000,1.00000000
Section-2,-21.20756947,9.13828524,1.00000000,1.00000000
Section-2,-22.19636766,6.40726868,1.00000000,1.00000000
Section-2,-22.83487883,3.57252126,1.00000000,1.00000000
Section-2,-23.11269783,0.67879957,1.00000000,1.00000000
Section-2,-23.02511689,-2.22816803,1.00000000,1.00000000
Section-2,-22.57320504,-5.10240397,1.00000000,1.00000000
Section-2,-21.76379617,-7.89840873,1.00000000,1.00000000
Section-2,-20.60938592,-10.57188104,1.00000000,1.00000000
Section-2,-19.12793889,-13.08041986,1.00000000,1.00000000
Section-2,-17.34260915,-15.38419681,1.00000000,1.00000000
Section-2,-15.28137839,-17.44658855,1.00000000,1.00000000
Section-2,-12.97661743,-19.23475897,1.00000000,1.00000000
Section-2,-10.46457782,-20.72018192,1.00000000,1.00000000
Section-2,-7.78482173,-21.87909628,1.00000000,1.00000000
Section-2,-4.97959882,-22.69288601,1.00000000,1.00000000
Section-2,-2.09318016,-23.14837907,1.00000000,1.00000000
Section-2,0.82884042,-23.23806054,1.00000000,1.00000000
Section-2,3.74026656,-22.96019638,1.00000000,1.00000000
Section-2,6.59502970,-22.31886587,1.00000000,1.00000000
Section-2,9.34791806,-21.32390202,1.00000000,1.00000000
Section-2,11.95529265,-19.99074102,1.00000000,1.00000000
Section-2,14.37577905,-18.34018281,1.00000000,1.00000000
Section-2,16.57092393,-16.39806664,1.00000000,1.00000000
Section-2,18.50580594,-14.19486658,1.00000000,1.00000000
Section-2,20.14959122,-11.76521338,1.00000000,1.00000000
Section-2,21.47602475,-9.14735017,1.00000000,1.00000000
Section-2,22.46384966,-6.38253050,1.00000000,1.00000000
Section-2,23.09714779,-3.51436826,1.00000000,1.00000000
Section-2,23.36559616,-0.58814969,1.00000000,1.00000000
Section-2,23.26463506,2.34988166,1.00000000,1.00000000
Section-2,22.79554513,5.25325569,1.00000000,1.00000000
Section-2,21.96543211,8.07601083,1.00000000,1.00000000
Section-2,20.78711941,10.77342153,1.00000000,1.00000000
Section-2,19.27895011,13.30270701,1.00000000,1.00000000
Section-2,17.46450151,15.62370971,1.00000000,1.00000000
Section-2,15.37221659,17.69953284,1.00000000,1.00000000
Section-2,13.03495813,19.49712698,1.00000000,1.00000000
Section-2,10.48949264,20.98781615,1.00000000,1.00000000
Section-2,7.77591195,22.14775530,1.00000000,1.00000000
Section-2,4.93700181,22.95831166,1.00000000,1.00000000
Section-2,2.01756727,23.40636396,1.00000000,1.00000000
Section-2,-0.93627448,23.48451473,1.00000000,1.00000000
Section-2,-3.87782257,23.19121225,1.00000000,1.00000000
Section-2,-6.76053082,22.53078002,1.00000000,1.00000000
Section-2,-9.53874426,21.51335342,1.00000000,1.00000000
Section-2,-12.16842221,20.15472429,1.00000000,1.00000000
Section-2,-14.60783638,18.47609591,1.00000000,1.00000000
Section-2,-16.81823307,16.50375213,1.00000000,1.00000000
Section-2,-18.76444875,14.26864588,1.00000000,1.00000000
Section-2,-20.41546950,11.80591345,1.00000000,1.00000000
Section-2,-21.74492513,9.15432214,1.00000000,1.00000000
Section-2,-22.73151039,6.35566001,1.00000000,1.00000000
Section-2,-23.35932630,3.45407734,1.00000000,1.00000000
Section-2,-23.61813628,0.49539014,1.00000000,1.00000000
Section-2,-23.50353291,-2.47364330,1.00000000,1.00000000
Section-2,-23.01701261,-5.40606134,1.00000000,1.00000000
Section-2,-22.16595695,-8.25544183,1.00000000,1.00000000
Section-2,-20.96352089,-10.97663694,1.00000000,1.00000000
Section-2,-19.42842950,-13.52648859,1.00000000,1.00000000
Section-2,-17.58468649,-15.86451285,1.00000000,1.00000000
Section-2,-15.46119885,-17.95354276,1.00000000,1.00000000
Section-2,-13.09132374,-19.76031912,1.00000000,1.00000000
Section-2,-10.51234446,-21.25601997,1.00000000,1.00000000
Section-2,-7.76488395,-22.41672034,1.00000000,1.00000000
Section-2,-4.89226490,-23.22377490,1.00000000,1.00000000
Section-2,-1.93982665,-23.66411741,1.00000000,1.00000000
Section-2,1.04579039,-23.73047211,1.00000000,1.00000000
Section-2,4.01738160,-23.42147378,1.00000000,1.00000000
Section-2,6.92792439,-22.74169426,1.00000000,1.00000000
Section-2,9.73132239,-21.70157516,1.00000000,1.00000000
Section-2,12.38313543,-20.31726761,1.00000000,1.00000000
Section-2,14.84128403,-18.61038154,1.00000000,1.00000000
Section-2,17.06671716,-16.60764840,1.00000000,1.00000000
Section-2,19.02403255,-14.34050255,1.00000000,1.00000000
Section-2,20.68203987,-11.84458792,1.00000000,1.00000000
Section-2,22.01425776,-9.15919759,1.00000000,1.00000000
Section-2,22.99933668,-6.32665528,1.00000000,1.00000000
Section-2,23.62140103,-3.39164826,1.00000000,1.00000000
Section-2,23.87030492,-0.40052236,1.00000000,1.00000000
Section-2,23.74179746,2.59944987,1.00000000,1.00000000
Section-2,23.23759498,5.56081624,1.00000000,1.00000000
Section-2,22.36535889,8.43669552,1.00000000,1.00000000
Section-2,21.13857945,11.18151963,1.00000000,1.00000000
Section-2,19.57636721,13.75175562,1.00000000,1.00000000
Section-2,17.70315541,16.10659610,1.00000000,1.00000000
Section-2,15.54831787,18.20860717,1.00000000,1.00000000
Section-2,13.14570840,20.02432344,1.00000000,1.00000000
Section-2,10.53312899,21.52478078,1.00000000,1.00000000
Section-2,7.75173503,22.68597835,1.00000000,1.00000000
Section-2,4.84538703,23.48926245,1.00000000,1.00000000
Section-2,1.85995895,23.92162611,1.00000000,1.00000000
Section-2,-1.15738585,23.97591955,1.00000000,1.00000000
Section-2,-4.15893970,23.65096825,1.00000000,1.00000000
Section-2,-7.09720493,22.95159644,1.00000000,1.00000000
Section-2,-9.92564548,21.88855586,1.00000000,1.00000000
Section-2,-12.59942397,20.47836056,1.00000000,1.00000000
Section-2,-15.07611242,18.74303044,1.00000000,1.00000000
Section-2,-17.31636554,16.70974748,1.00000000,1.00000000
Section-2,-19.28454573,14.41043002,1.00000000,1.00000000
Section-2,-20.94929002,11.88123170,1.00000000,1.00000000
Section-2,-22.28400977,9.16197304,1.00000000,1.00000000
Section-2,-23.26731531,6.29551447,1.00000000,1.00000000
Section-2,-23.88335866,3.32708084,1.00000000,1.00000000
Section-2,-24.12208885,0.30354784,1.00000000,1.00000000
Section-2,-23.97941576,-2.72729822,1.00000000,1.00000000
Section-2,-23.45727981,-5.71751562,1.00000000,1.00000000
Section-2,-22.56362619,-8.61976563,1.00000000,1.00000000
Section-2,-21.31228422,-11.38806190,1.00000000,1.00000000
Section-2,-19.72275341,-13.97849910,1.00000000,1.00000000
Section-2,-17.81989966,-16.34994930,1.00000000,1.00000000
Section-2,-15.63356635,-18.46471491,1.00000000,1.00000000
Section-2,-13.19810628,-20.28912793,1.00000000,1.00000000
Section-2,-10.55184196,-21.79408594,1.00000000,1.00000000
Section-2,-7.73646256,-22.95551626,1.00000000,1.00000000
Section-2,-4.79636724,-23.75476101,1.00000000,1.00000000
Section-2,-1.77796486,-24.17887675,1.00000000,1.00000000
Section-2,1.27105849,-24.22084393,1.00000000,1.00000000
Section-2,4.30249289,-23.87968293,1.00000000,1.00000000
Section-2,7.26836685,-23.16047446,1.00000000,1.00000000
Section-2,10.12170648,-22.07428423,1.00000000,1.00000000
Section-2,12.81727942,-20.63799281,1.00000000,1.00000000
Section-2,15.31231190,-18.87403340,1.00000000,1.00000000
Section-2,17.56716748,-16.81004145,1.00000000,1.00000000
Section-2,19.54597668,-14.47842177,1.00000000,1.00000000
Section-2,21.21720759,-11.91583981,1.00000000,1.00000000
Section-2,22.55416829,-9.16264507,1.00000000,1.00000000
Section-2,23.53543309,-6.26223582,1.00000000,1.00000000
Section-2,24.14518585,-3.26037499,1.00000000,1.00000000
Section-2,24.37347482,-0.20446816,1.00000000,1.00000000
Section-2,24.21637489,2.85718512,1.00000000,1.00000000
Section-2,23.67605466,5.87615468,1.00000000,1.00000000
Section-2,22.76074711,8.80464581,1.00000000,1.00000000
Section-2,21.48462436,11.59625596,1.00000000,1.00000000
Section-2,19.86757832,14.20670996,1.00000000,1.00000000
Section-2,17.93491069,16.59456221,1.00000000,1.00000000
Section-2,15.71693711,18.72185475,1.00000000,1.00000000
Section-2,13.24851166,20.55472057,1.00000000,1.00000000
Section-2,10.56847918,22.06392279,1.00000000,1.00000000
Section-2,7.71906398,23.22532099,1.00000000,1.00000000
Section-2,4.74520461,24.02025728,1.00000000,1.00000000
Section-2,1.69384515,24.43585601,1.00000000,1.00000000
Section-2,-1.38680587,24.46523215,1.00000000,1.00000000
Section-2,-4.44803709,24.10760514,1.00000000,1.00000000
Section-2,-7.44140455,23.36831622,1.00000000,1.00000000
Section-2,-10.31949830,22.25874896,1.00000000,1.00000000
Section-2,-13.03669333,20.79615407,1.00000000,1.00000000
Section-2,-15.54987279,19.00338127,1.00000000,1.00000000
Section-2,-17.81911222,16.90852243,1.00000000,1.00000000
Section-2,-19.80831372,14.54447134,1.00000000,1.00000000
Section-2,-21.48578020,11.94840728,1.00000000,1.00000000
Section-2,-22.82472040,9.16121034,1.00000000,1.00000000
Section-2,-23.80367678,6.22681761,1.00000000,1.00000000
Section-2,-24.40686928,3.19153069,1.00000000,1.00000000
Section-2,-24.62444961,0.10328497,1.00000000,1.00000000
Section-2,-24.45266193,-2.98910728,1.00000000,1.00000000
Section-2,-23.89390714,-6.03672850,1.00000000,1.00000000
Section-2,-22.95670997,-8.99132964,1.00000000,1.00000000
Section-2,-21.65558909,-11.80609400,1.00000000,1.00000000
Section-2,-20.01083223,-14.43637908,1.00000000,1.00000000
Section-2,-18.04818000,-16.84042458,1.00000000,1.00000000
Section-2,-15.79842300,-18.98001545,1.00000000,1.00000000
Section-2,-13.29691886,-20.82108929,1.00000000,1.00000000
Section-2,-10.58303654,-22.33427866,1.00000000,1.00000000
Section-2,-7.69953679,-23.49537944,1.00000000,1.00000000
Section-2,-4.69189834,-24.28573796,1.00000000,1.00000000
Section-2,-1.60760069,-24.69255060,1.00000000,1.00000000
Section-2,1.50462547,-24.70907111,1.00000000,1.00000000
Section-2,4.59556817,-24.33472219,1.00000000,1.00000000
Section-2,7.61631230,-23.57510968,1.00000000,1.00000000
Section-2,10.51901376,-22.44193883,1.00000000,1.00000000
Section-2,13.25765716,-20.95283406,1.00000000,1.00000000
Section-2,15.78878534,-19.13106494,1.00000000,1.00000000
Section-2,18.07218896,-17.00518261,1.00000000,1.00000000
Section-2,20.07154515,-14.60857234,1.00000000,1.00000000
Section-2,21.75499543,-11.97892927,1.00000000,1.00000000
Section-2,23.09565319,-9.15766557,1.00000000,1.00000000
Section-2,24.07203315,-6.18925824,1.00000000,1.00000000
Section-2,24.66839560,-3.12054797,1.00000000,1.00000000
Section-2,24.87500000,-0.00000000,1.00000000,1.00000000
